 <X/E>

-2.763263
-7.153146
-9.804876
-11.719821
-14.576199
-16.782593
-16.042361
-18.5941
-21.018549
-14.369245
-16.698864
-19.182182
-18.24835
-20.011653
-22.064044
-24.046174
-22.748579
-24.824541
-26.99716
-28.979927
-27.367065
-29.198711
-31.165038
-32.692955
-31.559876
-35.049106
-36.53573
-38.189617
-35.597648
-37.328816
-39.078954
-40.25261
-44.388046
-46.060763
-47.332364
-48.662429
-51.884795
-50.632937
-54.742747
-56.652846
-54.837881
-59.700786
-62.369652
-56.607783
-59.327258
-61.860213
-66.821843
-60.999097
-63.723276
-66.532375
-65.187911
-74.382956
-2.766161
-4.389336
-6.200361
-8.944789
-11.682446
-13.690483
-26.099727
-31.060196
-52.759571
-52.891565
-57.078982
-35.600589
-53.047917
-66.512885
-72.14458
-65.166049
-65.172723
-65.166608
-67.854711
-69.308884
-73.169591
-75.156716
-69.606008
-71.929788
-74.399505
-76.541093
-79.511025
-73.279124
-75.990223
-78.49294
-80.459623
-83.750948
-77.064066
-79.713201
-82.426383
-85.207423
-88.363197
-80.583402
-83.830075
-86.438543
-89.226956
-93.379373
-83.879955
-88.132472
-91.097322
-95.115552
-98.535319
-86.355337
-90.241858
-94.300096
-97.944083
-101.408009
-88.903217
-92.817434
-97.040578
-101.188634
-105.391389
-98.244566
-102.487633
-107.259078
-91.787703
-95.561795
-99.58729
-104.031029
-108.541339
-92.579844
-102.521844
-106.755363
-110.551206
-94.12083
-97.812968
-103.731139
-108.072352
-112.732657
-100.768105
-105.20762
-109.604321
-114.587763
-98.679323
-102.794781
-107.092052
-111.743665
-116.519323
-100.800966
-106.47721
-109.29356
-113.846702
-118.289055
-103.590175
-107.966473
-111.833194
-116.215462
-120.040713
-110.699565
-115.491122
-120.054189
-123.815895
-110.265281
-114.529501
-118.938288
-123.241002
-127.295187
-113.445139
-117.883728
-117.857553
-122.430545
-122.390297
-126.166974
-129.771738
-121.130705
-125.693888
-129.12162
-132.804213
-120.034502
-123.882733
-127.870024
-131.429517
-134.726325
-123.016226
-129.849553
-133.540079
-137.116931
-126.048273
-129.789653
-133.412621
-136.570629
-140.886156
-129.271717
-132.928547
-136.857788
-140.684238
-132.801258
-137.032323
-140.97233
-144.329682
-148.411461
-136.286638
-140.197726
-143.782373
-146.996675
-147.000692
-140.557887
-143.683099
-147.084924
-150.488189
-153.068429
-144.790733
-147.393146
-150.459361
-153.390363
-156.524535
-154.054453
-156.863228
-159.353555
-156.511559
-160.219819
-160.245936
-162.550717
-158.956375
-161.044043
-163.309427
-165.326459
-168.108287
-163.03674
-165.499436
-168.287977
-170.918008
-173.456158
-167.664722
-169.507378
-173.212461
-175.125376
-177.465073
-172.139254
-174.575904
-176.907219
-179.145809
-181.593748
-176.521218
-179.184804
-182.134358
-184.483406
-186.843405
-181.501956
-184.119753
-187.177136
-190.17947
-193.265644
-186.103498
-188.645153
-191.617941
-194.753414
-198.351632
-191.068565
-194.411383
-196.766542
-199.610661
-202.531175
-193.727404
-197.71728
-201.239235
-204.183976
-207.66593
-198.099111
-202.00369
-205.371641
-209.102991
-201.925258
-205.234311
-226.1772
-216.485622
-205.520998
-209.061376
-212.625375
-216.002622
-220.061301
-209.268748
-212.416329
-216.048487
-219.471532
-223.623539
-212.243321
-216.018505
-219.698951
-223.727237
-227.608905
-215.464992
-218.930543
-223.292762
-226.767444
-231.283241
-222.984148
-227.129596
-231.298583
-235.840962
-222.562198
-227.142626
-231.042437
-235.410388
-239.18268
-226.050394
-230.365869
-234.546503
-238.709438
-229.022733
-234.265847
-238.410754
-241.908107
-246.267647
-230.28965
-234.861797
-239.539441
-243.923784
-251.22991
-231.68931
-236.341498
-240.959531
-245.754858
-251.067044
-236.836974
-241.952916
-247.124615
-252.844433
-231.826947
-236.785305
-241.686036
-246.24233
-251.768127
-229.535575
-234.733425
-239.665204
-244.658948
-249.945309
-227.255553
-232.928509
-237.830929
-242.91755
-247.453929
-225.136988
-229.971412
-234.715822
-234.713213
-239.338688
-244.260054
-224.066962
-229.30273
-234.330392
-238.754025
-243.358792
-223.247167
-228.013852
-233.010535
-237.948048
-242.710945
-221.476983
-226.121598
-230.390958
-235.065223
-235.071185
-240.114988
-218.943636
-223.802049
-223.80369
-227.411745
-227.405388
-231.315052
-235.327498
-216.75291
-222.22588
-230.122012
-234.485646
-214.279908
-218.733382
-227.732597
-212.557269
-218.567871
-224.129834
-228.207417
-232.995173
-210.62831
-209.076124
-216.043534
-216.048564
-220.729439
-220.730757
-225.340999
-225.355409
-214.505441
-218.64523
-222.942897
-227.455028
-206.619083
-211.192009
-215.64833
-220.145754
-224.991722
-224.799633
-203.993826
-208.386765
-213.052857
-217.058215
-221.25532
-201.121414
-205.386738
-209.583739
-213.623744
-217.634497
-198.490694
-202.818143
-206.530135
-211.88557
-216.630082
-195.679751
-200.060706
-204.478412
-209.33725
-215.767126
-191.94719
-197.110187
-200.565951
-205.717603
-188.315415
-192.960173
-197.205342
-201.429161
-205.752648
-184.792789
-189.371854
-193.7112
-197.316653
-201.96452
-181.580619
-185.68342
-189.544528
-193.709205
-197.438564
-177.751036
-182.177207
-185.709006
-116.56004
-190.124338
-194.125361
-174.189625
-178.320154
-182.598803
-187.010153
-191.293787
-174.741988
-179.885706
-184.33077
-189.12342
-167.800806
-172.557925
-177.707842
-181.122289
-185.174834
-165.78206
-170.564882
-174.822074
-177.888489
-182.564523
-163.170792
-167.277349
-171.168565
-175.387869
-179.708072
-160.274521
-168.919507
-172.760776
-177.24329
-157.380213
-161.652221
-165.822107
-170.311348
-174.697643
-154.241668
-158.546989
-162.171155
-166.083974
-171.089123
-150.809679
-154.302565
-157.941304
-161.347474
-164.93493
-147.378074
-151.062644
-154.695162
-158.279994
-162.20419
-143.902481
-147.445013
-151.228848
-154.850775
-158.528483
-139.797581
-142.750392
-146.127135
-149.086252
-152.215665
-135.639685
-138.252246
-140.568785
-142.718781
-145.039016
-131.25381
-133.611209
-136.219993
-138.565093
-141.181685
-127.053857
-129.40498
-131.851965
-134.367191
-136.947775
-122.849238
-125.936015
-128.810963
-132.150444
-135.350853
-119.051044
-122.526964
-126.032284
-129.58707
-115.979455
-118.946909
-122.72196
-126.25556
-130.112035
-112.379936
-115.887731
-119.352068
-122.911231
-126.56505
-108.613086
-112.580264
-119.942156
-105.426229
-109.267838
-113.273991
-116.825852
-121.588056
-101.945386
-105.96519
-110.261411
-113.554298
-117.723042
-99.117856
-99.114521
-99.108321
-102.699356
-106.127196
-109.719966
-113.760799
-95.436983
-98.130764
-100.799816
-104.408686
-109.03951
-90.927611
-93.32257
-96.230494
-98.900341
-101.13304
-86.66563
-87.999624
-89.844852
-92.010477
-91.411636
-81.616711
-81.561555
-81.476581
-81.152987
-81.283153
-76.771909
-76.767445
-76.502867
-76.210009
-75.528849
-71.958946
-71.907217
-71.515216
-71.082912
-70.51508
-67.076246
-66.392652
-65.751982
-65.381616
-64.375831
-62.170235
-61.547515
-60.901468
-60.284626
-59.727955
-57.21622
-57.246333
-56.723236
-55.995843
-55.4059
-55.079585
-52.14172
-51.725804
-51.314365
-50.971007
-47.329137
-47.459659
-47.453098
-47.182144
-47.543658
-46.662366
-42.306699
-42.303713
-42.779645
-42.989737
-42.596654
-37.448544
-38.603059
-38.894923
-32.440925
-33.34127
-33.347991
-33.913792
-34.273691
-27.518816
-29.271625
-29.807935
-31.483149
-32.461078
-23.103793
-24.642985
-26.194161
-28.336339
-30.492872
-72.20999
-81.38225
-186.62058
-214.596061
-218.515238
-154.644395
-134.641315
-100.009279
-89.25097
-186.491963
-59.727955
-55.079585
-50.971007
-46.662366
-33.347991
-33.913792
-34.273691
-31.483149
-32.461078
-30.492872
-65.709802
-67.098329
-69.772433
-72.477342
-81.663404
-92.955381
-87.880696
-95.32651
-95.707076
-96.470706
-97.169335
-97.733408
-89.077699
-99.625002
-104.405565
-97.52331
-108.502558
-102.439595
-114.009386
-109.49918
-121.854417
-117.932342
-113.53112
-114.998163
-116.013975
-117.951953
-118.712865
-120.414889
-130.516957
-125.593309
-128.295979
-129.392377
-131.672573
-132.570551
-134.437006
-126.058277
-135.159128
-130.487567
-132.822757
-134.070636
-136.309223
-137.45955
-139.511325
-144.193032
-156.506451
-169.317876
-171.649544
-181.173669
-175.420613
-178.417871
-179.966781
-182.803141
-184.463402
-187.659134
-184.214714
-193.934253
-195.241074
-205.50632
-209.994103
-215.209751
-227.705453
-223.681447
-228.033521
-236.55755
-237.01868
-232.895322
-245.027266
-240.904314
-243.052134
-243.897595
-245.415087
-245.823052
-246.431243
-235.806245
-247.516226
-236.68339
-235.50404
-234.956129
-234.081024
-233.532437
-245.09267
-239.972271
-243.320067
-242.643233
-241.789133
-241.320531
-240.787909
-236.953518
-227.823606
-235.080348
-223.019712
-217.551769
-224.732671
-212.398527
-218.273422
-205.57117
-208.965009
-203.813885
-201.817976
-201.034504
-200.292328
-199.203381
-199.779328
-187.696627
-190.356711
-181.30822
-187.571946
-186.455796
-185.377576
-184.194361
-183.207904
-177.213412
-173.280459
-161.644232
-164.722622
-152.855306
-152.841341
-157.196309
-155.173246
-153.949914
-147.849335
-154.853819
-142.348256
-142.738058
-130.74212
-130.717897
-118.2403
-126.538516
-125.50112
-124.37368
-123.106412
-122.183757
-115.88373
-108.765211
-111.209414
-113.7475
-112.564256
-110.19776
-109.024987
-106.454668
-99.129578
-98.877385
-87.806108
-84.215803
-68.971815
-61.462087
-70.794586
-69.404072
-67.818162
-66.149582
-64.567068
-54.990345
-52.251518
-45.551555
-38.720565
-42.305501
-32.373175
-32.403602
-211.470353
-82.037466
-236.198778
-232.213061
-228.701562
-201.419785
-199.892597
-215.078178
-215.0745
-181.332
-181.326789
-181.326802
-181.328563
-146.218043
-146.214758
-105.478134
-105.477328
-75.854543
-75.84542
-79.927168
-79.931274
-33.812629
-33.808588
-107.672197
-107.66205
-112.628973
-112.631779
-125.139875
-125.135005
-202.263935
-202.262125
-202.270674
-202.269225
-139.192883
-45.959309
-32.255862
-126.963338
-72.656322
-128.167717
-119.901479
-32.360693
-65.672464
-67.14234
-69.753271
-71.271395
-81.665226
-92.915023
-87.674786
-95.314145
-95.696779
-96.468715
-97.214013
-97.718075
-89.052661
-99.50557
-104.245494
-97.545686
-108.517111
-102.46959
-113.993056
-109.538529
-121.871696
-117.940115
-113.517885
-115.169731
-116.000957
-117.965593
-118.718838
-120.40562
-130.512457
-125.58475
-128.268913
-129.396811
-131.660965
-132.540721
-134.43898
-126.060522
-135.160387
-130.347507
-132.812713
-136.296433
-137.499349
-139.512212
-146.734276
-144.302126
-156.512927
-158.906638
-169.365986
-171.650752
-181.184296
-175.468529
-178.406883
-179.970933
-182.761819
-184.442463
-187.488793
-184.240264
-178.403012
-181.38488
-182.793964
-185.70069
-187.190025
-190.360975
-193.941995
-195.291894
-205.280044
-209.974606
-215.21069
-227.72272
-223.685391
-228.030878
-236.541585
-232.881616
-245.017068
-240.91141
-242.897818
-243.869098
-245.425631
-245.823463
-246.382187
-235.77243
-247.286582
-236.674041
-235.764947
-234.948756
-234.065322
-233.513489
-232.934251
-245.097786
-239.969594
-243.303234
-242.659828
-241.779357
-241.313309
-240.748729
-236.696921
-227.841105
-235.092947
-223.029925
-217.708211
-224.772891
-212.254971
-218.271821
-205.574826
-208.963092
-203.853846
-201.831352
-201.065858
-200.298764
-199.210463
-199.615482
-198.034431
-187.694138
-195.440528
-194.427109
-193.333176
-192.174718
-191.082549
-182.937857
-190.361814
-181.320792
-187.546825
-186.438744
-185.371364
-184.198678
-183.200509
-177.190639
-173.260331
-164.723066
-152.823842
-157.193397
-155.165203
-153.925838
-151.705624
-150.238361
-147.836429
-154.834559
-142.213468
-142.48489
-130.716688
-178.436961
-130.710319
-118.206555
-126.570598
-125.509395
-124.34992
-123.094746
-122.185831
-115.721948
-108.753605
-111.169333
-113.758148
-112.554887
-110.154367
-109.000545
-106.382431
-106.44696
-99.063887
-87.802065
-98.890812
-84.221935
-69.019709
-75.290163
-65.77089
-64.145245
-62.509007
-61.034389
-59.383021
-61.467319
-70.831006
-69.405372
-67.80841
-66.162728
-64.545332
-54.985211
-52.254535
-45.543698
-38.714084
-42.391844
-63.312351
-32.390372
-32.423991
-211.471149
-210.878551
-189.661371
-188.229289
-159.853816
-84.929403
-60.707417
-40.628766
-60.250971
-107.66126
-112.627796
-125.13834
-177.424357
-254.282724
-9.482045
-14.66227
-26.148735
-25.573206
-36.854925
-30.26108
-31.539994
-32.98384
-34.094481
-37.697886
-47.716406
-45.104382
-46.403232
-49.06119
-50.506235
-53.350126
-49.874886
-59.511517
-61.347928
-55.602993
-62.612497
-64.22805
-16.629612
-41.762782
0
0
-0.009275
-9.498134
-25.546816
-17.633945
-18.896766
-20.253914
-21.508379
-22.83585
-30.277427
-36.814948
-28.823226
-30.502082
-32.983703
-34.128534
-37.654087
-47.749914
-45.123501
-46.227324
-49.093634
-50.526062
-53.361213
-49.633107
-59.5321
-61.167663
-55.589299
-62.664237
-64.229153
0

