# Format is <Y/N>, <X/E>, <Z/RL>, <Label>
# Distances in meters
         15.486774,          -2.763263,          -1.989851, G000.00
         12.758348,          -7.153146,          -3.122613, G005.00
         16.904852,          -9.804876,          -4.235978, G005.05
         20.637604,         -11.719821,          -5.543359, G005.10
         25.425747,         -14.576199,          -6.948039, G005.15
         29.439598,         -16.782593,          -8.682028, G005.20
         17.693984,         -16.042361,          -5.838365, G010.10
         21.694108,         -18.594100,          -7.081273, G010.15
         25.868444,         -21.018549,          -8.575575, G010.20
          5.971534,         -14.369245,          -3.592720, G015.00
         10.196364,         -16.698864,          -4.723500, G015.05
         14.411844,         -19.182182,          -6.024379, G015.10
          2.548401,         -18.248350,          -3.747167, G020.00
          7.066851,         -20.011653,          -4.742385, G020.05
         11.510298,         -22.064044,          -5.963578, G020.10
         15.949367,         -24.046174,          -7.142605, G020.15
          0.183082,         -22.748579,          -3.445552, G025.00
          4.496466,         -24.824541,          -4.670849, G025.05
          8.973492,         -26.997160,          -5.545016, G025.10
         13.298649,         -28.979927,          -6.833887, G025.15
         -1.799062,         -27.367065,          -3.159003, G030.00
          2.711538,         -29.198711,          -4.473231, G030.05
          7.253924,         -31.165038,          -5.494562, G030.10
         11.720080,         -32.692955,          -6.764054, G030.15
         -4.471344,         -31.559876,          -2.589720, G035.00
          4.566772,         -35.049106,          -5.015871, G035.10
          9.218580,         -36.535730,          -6.281564, G035.15
         14.063657,         -38.189617,          -7.116928, G035.20
         -8.182017,         -35.597648,          -1.484502, G040.00
         -3.793551,         -37.328816,          -2.732982, G040.05
          0.845124,         -39.078954,          -4.046913, G040.10
         -9.752593,         -40.252610,          -0.950105, G045.00
         -0.744659,         -44.388046,          -3.070677, G045.10
          3.964547,         -46.060763,          -4.500997, G045.15
         -2.634781,         -47.332364,          -1.168863, G050.05
         -3.092373,         -48.662429,          -2.266229, G050.10
          6.406402,         -51.884795,          -4.844355, G050.20
        -10.074069,         -50.632937,          -0.212289, G055.05
         -1.032530,         -54.742747,          -2.267446, G055.15
          3.470550,         -56.652846,          -3.480489, G055.20
        -12.190741,         -54.837881,           0.887802, G060.05
         -3.160712,         -59.700786,          -0.704036, G060.15
          1.270157,         -62.369652,          -2.034471, G060.20
        -19.056734,         -56.607783,           2.773510, G065.00
        -14.969266,         -59.327258,           2.546021, G065.05
        -10.589394,         -61.860213,           1.772776, G065.10
         -1.989711,         -66.821843,          -0.415754, G065.20
        -21.487821,         -60.999097,           3.877147, G070.00
        -17.236953,         -63.723276,           3.216871, G070.05
        -13.116789,         -66.532375,           2.718845, G070.10
        -24.459252,         -65.187911,           4.350695, G075.00
        -18.875510,         -74.382956,           4.339658, G080.10
         15.473844,          -2.766161,          -2.952075, G000.00
         20.154111,          -4.389336,          -3.917165, G000.05
         25.087450,          -6.200361,          -4.795895, G000.10
         29.416958,          -8.944789,          -7.003893, G000.15
         33.066136,         -11.682446,          -8.641947, G000.20
         13.596236,         -13.690483,          -4.387136, G010.05
         20.370802,         -26.099727,          -8.200543, G020.20
         17.945636,         -31.060196,          -8.271134, G025.20
         -5.507308,         -52.759571,          -1.100425, G055.10
        -16.808565,         -52.891565,           2.305694, G060.00
         -7.637248,         -57.078982,           0.056221, G060.10
         -8.179034,         -35.600589,          -1.508303, G040.00
        -16.928643,         -53.047917,           2.148097, G060.00
        -13.121238,         -66.512885,           2.717333, G070.10
         -4.806890,         -72.144580,           1.079394, G070.20
        -24.437026,         -65.166049,           4.355379, G075.00
        -24.442432,         -65.172723,           4.351054, G075.00
        -24.437876,         -65.166608,           4.352782, G075.00.2
        -20.077858,         -67.854711,           4.137207, G075.05
        -16.620839,         -69.308884,           3.581451, G075.10
        -11.745028,         -73.169591,           3.183560, G075.15
         -7.600770,         -75.156716,           2.353503, G075.20
        -27.853410,         -69.606008,           5.194039, G080.00
        -23.313101,         -71.929788,           5.051706, G080.05
        -18.874044,         -74.399505,           4.364972, G080.10
        -14.564783,         -76.541093,           3.796835, G080.15
        -10.081140,         -79.511025,           3.163083, G080.20
        -30.513248,         -73.279124,           5.364767, G085.00
        -26.084188,         -75.990223,           5.166875, G085.05
        -21.750758,         -78.492940,           4.832576, G085.10
        -17.444671,         -80.459623,           4.612017, G085.15
        -12.673450,         -83.750948,           3.826475, G085.20
        -33.854434,         -77.064066,           5.320554, G090.00
        -29.502529,         -79.713201,           5.146101, G090.05
        -25.335088,         -82.426383,           4.906299, G090.10
        -21.213218,         -85.207423,           4.667497, G090.15
        -16.519610,         -88.363197,           4.158799, G090.20
        -37.599332,         -80.583402,           4.950546, G095.00
        -32.564428,         -83.830075,           4.717017, G095.05
        -28.412707,         -86.438543,           4.580689, G095.10
        -24.274986,         -89.226956,           4.570135, G095.15
        -21.096210,         -93.379373,           4.222936, G095.20
        -41.522043,         -83.879955,           4.616463, G100.00
        -38.122861,         -88.132472,           3.821184, G100.05
        -34.966403,         -91.097322,           3.581958, G100.10
        -30.380917,         -95.115552,           3.413627, G100.15
        -26.094439,         -98.535319,           3.258284, G100.20
        -45.550191,         -86.355337,           4.220564, G105.00
        -42.567845,         -90.241858,           3.468424, G105.05
        -39.525163,         -94.300096,           2.800262, G105.10
        -36.263194,         -97.944083,           2.468884, G105.15
        -30.716914,        -101.408009,           2.281532, G105.20
        -48.973215,         -88.903217,           4.014643, G110.00
        -47.267370,         -92.817434,           3.158481, G110.05
        -44.320150,         -97.040578,           2.229020, G110.10
        -41.362810,        -101.188634,           1.603350, G110.15
        -38.248209,        -105.391389,           0.563157, G110.20
        -49.657408,         -98.244566,           1.731892, G115.10
        -47.093977,        -102.487633,           0.872734, G115.15
        -44.111802,        -107.259078,          -0.048012, G115.20
        -60.383813,         -91.787703,           4.118543, G120.00
        -57.204772,         -95.561795,           2.906413, G120.05
        -54.354107,         -99.587290,           1.885606, G120.10
        -51.835131,        -104.031029,           0.838952, G120.15
        -49.000623,        -108.541339,          -0.367243, G120.20
        -64.692973,         -92.579844,           4.176302, G125.00
        -60.049729,        -102.521844,           1.075855, G125.10
        -57.412195,        -106.755363,           1.221878, G125.15
        -55.471074,        -110.551206,          -0.601072, G125.20
        -69.518914,         -94.120830,           4.294087, G130.00
        -66.962474,         -97.812968,           3.145869, G130.05
        -65.410934,        -103.731139,           1.264744, G130.10
        -63.208068,        -108.072352,           0.231867, G130.15
        -61.115234,        -112.732657,          -0.538783, G130.20
        -71.947985,        -100.768105,           2.738979, G135.05
        -69.328497,        -105.207620,           1.362261, G135.10
        -67.109543,        -109.604321,           0.344693, G135.15
        -64.813232,        -114.587763,          -0.434855, G135.20
        -78.478004,         -98.679323,           4.257213, G140.00
        -76.039341,        -102.794781,           2.749977, G140.05
        -73.649056,        -107.092052,           1.862021, G140.10
        -71.333780,        -111.743665,           0.631553, G140.15
        -69.375394,        -116.519323,          -0.201602, G140.20
        -83.167778,        -100.800966,           4.709699, G145.00
        -80.082695,        -106.477210,           2.517085, G145.05
        -77.656927,        -109.293560,           1.775678, G145.10
        -74.934270,        -113.846702,           0.833237, G145.15
        -72.456627,        -118.289055,          -0.158142, G145.20
        -87.170745,        -103.590175,           4.133444, G150.00
        -84.408232,        -107.966473,           2.765199, G150.05
        -81.642624,        -111.833194,           1.586394, G150.10
        -78.414329,        -116.215462,           0.930737, G150.15
        -75.662376,        -120.040713,          -0.405440, G150.20
        -87.995366,        -110.699565,           2.694239, G155.05
        -85.598772,        -115.491122,           1.145305, G155.10
        -82.331716,        -120.054189,          -0.041102, G155.15
        -80.581259,        -123.815895,          -0.836746, G155.20
        -95.080805,        -110.265281,           4.095418, G160.00
        -92.184432,        -114.529501,           2.419798, G160.05
        -89.355229,        -118.938288,           1.265589, G160.10
        -86.461080,        -123.241002,           0.214427, G160.15
        -84.090921,        -127.295187,          -0.876449, G160.20
        -99.043589,        -113.445139,           3.987441, G165.00
        -96.352570,        -117.883728,           2.585416, G165.05
        -96.367705,        -117.857553,           2.569966, G165.05
        -93.236883,        -122.430545,           1.570168, G165.10
        -93.245303,        -122.390297,           1.562729, G165.10
        -90.575147,        -126.166974,           0.849498, G165.15
        -87.114298,        -129.771738,          -0.717979, G165.20
        -99.646995,        -121.130705,           2.764755, G170.05
        -96.428789,        -125.693888,           1.730128, G170.10
        -93.595251,        -129.121620,           0.804931, G170.15
        -89.490687,        -132.804213,          -0.586038, G170.20
       -106.670414,        -120.034502,           4.099288, G175.00
       -103.297340,        -123.882733,           2.646949, G175.05
       -100.122158,        -127.870024,           2.671092, G175.10
        -96.427416,        -131.429517,           1.032453, G175.15
        -93.225426,        -134.726325,           0.059469, G175.20
       -110.746255,        -123.016226,           4.048271, G180.00
       -103.327329,        -129.849553,           2.548957, G180.10
       -100.045477,        -133.540079,           1.487163, G180.15
        -96.376137,        -137.116931,           0.576010, G180.20
       -114.749774,        -126.048273,           4.088418, G185.00
       -110.839248,        -129.789653,           3.012085, G185.05
       -107.576421,        -133.412621,           2.649565, G185.10
       -103.426397,        -136.570629,           1.783869, G185.15
        -99.977763,        -140.886156,           1.026566, G185.20
       -118.694184,        -129.271717,           4.210501, G190.00
       -114.459214,        -132.928547,           3.451450, G190.05
       -111.258252,        -136.857788,           2.862216, G190.10
       -107.433107,        -140.684238,           2.113619, G190.15
       -122.280202,        -132.801258,           4.262280, G195.00
       -118.376155,        -137.032323,           3.471264, G195.05
       -115.055470,        -140.972330,           3.174151, G195.10
       -111.682816,        -144.329682,           2.365386, G195.15
       -108.131010,        -148.411461,           1.833198, G195.20
       -125.953578,        -136.286638,           4.134374, G200.00
       -122.400777,        -140.197726,           3.484989, G200.05
       -119.088944,        -143.782373,           3.027590, G200.10
       -115.502767,        -146.996675,           2.612117, G200.15
       -115.497866,        -147.000692,           2.618767, G200.15
       -128.753520,        -140.557887,           4.319679, G205.00
       -124.709633,        -143.683099,           3.533607, G205.05
       -120.652425,        -147.084924,           2.864097, G205.10
       -116.892389,        -150.488189,           2.740705, G205.15
       -112.288707,        -153.068429,           2.360406, G205.20
       -131.123081,        -144.790733,           4.512778, G210.00
       -127.411556,        -147.393146,           3.818584, G210.05
       -122.684756,        -150.459361,           2.933753, G210.10
       -118.733906,        -153.390363,           3.724612, G210.15
       -114.619199,        -156.524535,           2.040162, G210.20
       -123.552229,        -154.054453,           3.675010, G215.10
       -119.143913,        -156.863228,           2.692933, G215.15
       -114.914599,        -159.353555,           1.952493, G215.20
       -130.718163,        -156.511559,           4.077967, G220.05
       -120.554000,        -160.219819,           2.617577, G220.15
       -120.559718,        -160.245936,           2.611547, G220.15
       -115.878501,        -162.550717,           1.874817, G220.20
       -136.309073,        -158.956375,           4.899081, G225.00
       -131.876954,        -161.044043,           4.092915, G225.05
       -127.517403,        -163.309427,           3.355684, G225.10
       -122.981274,        -165.326459,           2.866322, G225.15
       -117.742789,        -168.108287,           1.932101, G225.20
       -139.178454,        -163.036740,           5.178678, G230.00
       -134.805875,        -165.499436,           4.407430, G230.05
       -130.353984,        -168.287977,           3.669652, G230.10
       -126.377533,        -170.918008,           3.076265, G230.15
       -121.614637,        -173.456158,           2.615545, G230.20
       -141.270203,        -167.664722,           5.296790, G235.00
       -136.145108,        -169.507378,           4.491079, G235.05
       -132.147910,        -173.212461,           3.863708, G235.10
       -127.862742,        -175.125376,           3.163816, G235.15
       -123.204251,        -177.465073,           3.170887, G235.20
       -142.799693,        -172.139254,           5.491846, G240.00
       -138.559718,        -174.575904,           4.593892, G240.05
       -133.960194,        -176.907219,           3.992533, G240.10
       -129.637991,        -179.145809,           3.732125, G240.15
       -124.926809,        -181.593748,           3.685363, G240.20
       -145.441912,        -176.521218,           5.479309, G245.00
       -140.220130,        -179.184804,           4.794867, G245.05
       -135.600366,        -182.134358,           4.502732, G245.10
       -131.349155,        -184.483406,           4.649681, G245.15
       -127.188670,        -186.843405,           4.814296, G245.20
       -147.107426,        -181.501956,           5.832582, G250.00
       -143.022213,        -184.119753,           5.533279, G250.05
       -138.899710,        -187.177136,           5.569921, G250.10
       -134.922525,        -190.179470,           5.813792, G250.15
       -130.880603,        -193.265644,           6.192042, G250.20
       -148.089888,        -186.103498,           6.707206, G255.00
       -143.856253,        -188.645153,           6.151345, G255.05
       -139.410420,        -191.617941,           6.181079, G255.10
       -135.860470,        -194.753414,           6.461142, G255.15
       -131.933587,        -198.351632,           6.575091, G255.20
       -149.298013,        -191.068565,           7.166806, G260.00
       -145.031078,        -194.411383,           7.138629, G260.05
       -141.166209,        -196.766542,           7.043273, G260.10
       -136.895888,        -199.610661,           7.128352, G260.15
       -132.613488,        -202.531175,           7.154171, G260.20
       -151.913562,        -193.727404,           7.866760, G265.00
       -147.536767,        -197.717280,           8.149331, G265.05
       -143.820658,        -201.239235,           8.093527, G265.10
       -139.354676,        -204.183976,           8.169495, G265.15
       -136.591252,        -207.665930,           8.533947, G265.20
       -154.562133,        -198.099111,           8.806647, G270.00
       -150.518063,        -202.003690,           8.741845, G270.05
       -147.006131,        -205.371641,           9.015651, G270.10
       -143.517950,        -209.102991,           9.430377, G270.15
       -157.879521,        -201.925258,           9.656558, G275.00
       -153.263326,        -205.234311,           9.513911, G275.05
       -244.255640,        -226.177200,           5.895499, G275.10
       -142.133131,        -216.485622,          10.797462, G275.20
       -160.153412,        -205.520998,          11.055802, G280.00
       -156.411079,        -209.061376,          10.226180, G280.05
       -152.527769,        -212.625375,          10.560525, G280.10
       -148.868211,        -216.002622,          11.061950, G280.15
       -144.616990,        -220.061301,          11.272115, G280.20
       -163.018769,        -209.268748,          10.943453, G285.00
       -159.693177,        -212.416329,          10.861928, G285.05
       -155.809246,        -216.048487,          11.174747, G285.10
       -152.404611,        -219.471532,          11.959207, G285.15
       -147.486950,        -223.623539,          11.722196, G285.20
       -166.371251,        -212.243321,          11.367913, G290.00
       -162.909495,        -216.018505,          11.570458, G290.05
       -159.581947,        -219.698951,          11.750812, G290.10
       -156.041758,        -223.727237,          12.048311, G290.15
       -152.251341,        -227.608905,          12.073314, G290.20
       -169.992314,        -215.464992,          11.974184, G295.00
       -165.998803,        -218.930543,          11.993112, G295.05
       -163.265023,        -223.292762,          12.283918, G295.10
       -161.317462,        -226.767444,          12.545303, G295.15
       -157.212987,        -231.283241,          12.535007, G295.20
       -170.290622,        -222.984148,          12.404599, G300.05
       -167.501336,        -227.129596,          12.587863, G300.10
       -164.849835,        -231.298583,          13.091935, G300.15
       -162.064338,        -235.840962,          13.462458, G300.20
       -176.349917,        -222.562198,          12.589939, G305.00
       -172.909295,        -227.142626,          12.608518, G305.05
       -170.053225,        -231.042437,          12.681737, G305.10
       -167.119400,        -235.410388,          12.949578, G305.15
       -164.733862,        -239.182680,          14.275660, G305.20
       -179.976290,        -226.050394,          12.570629, G310.00
       -176.760716,        -230.365869,          12.657309, G310.05
       -173.792213,        -234.546503,          12.745992, G310.10
       -170.597223,        -238.709438,          13.053652, G310.15
       -184.125961,        -229.022733,          12.346483, G315.00
       -180.060447,        -234.265847,          12.579412, G315.05
       -177.609992,        -238.410754,          13.197470, G315.10
       -176.040795,        -241.908107,          13.266299, G315.15
       -176.035027,        -246.267647,          13.656426, G315.20
       -188.087728,        -230.289650,          12.012670, G320.00
       -185.567807,        -234.861797,          12.192147, G320.05
       -183.326378,        -239.539441,          13.185324, G320.10
       -181.001319,        -243.923784,          13.267483, G320.15
       -177.685250,        -251.229910,          13.883721, G320.20
       -192.390841,        -231.689310,          11.572268, G325.00
       -190.933009,        -236.341498,          11.724927, G325.05
       -189.908521,        -240.959531,          12.852366, G325.10
       -188.469935,        -245.754858,          12.731766, G325.15
       -185.197691,        -251.067044,          13.394728, G325.20
       -196.371114,        -236.836974,          11.134105, G330.05
       -195.607894,        -241.952916,          11.495708, G330.10
       -195.021852,        -247.124615,          11.715234, G330.15
       -194.163826,        -252.844433,          12.676397, G330.20
       -201.853125,        -231.826947,          10.448693, G335.00
       -202.784640,        -236.785305,          10.644369, G335.05
       -203.097809,        -241.686036,          10.326134, G335.10
       -202.507887,        -246.242330,          10.355128, G335.15
       -203.942416,        -251.768127,          10.393952, G335.20
       -206.287191,        -229.535575,          10.397556, G340.00
       -207.395866,        -234.733425,           9.734796, G340.05
       -208.334008,        -239.665204,           9.332682, G340.10
       -209.268436,        -244.658948,           9.006121, G340.15
       -210.169993,        -249.945309,           9.016455, G340.20
       -210.804119,        -227.255553,          10.030433, G345.00
       -212.230721,        -232.928509,           9.139203, G345.05
       -213.722567,        -237.830929,           8.517846, G345.10
       -214.464690,        -242.917550,           8.116328, G345.15
       -215.496067,        -247.453929,           7.641222, G345.20
       -215.333275,        -225.136988,           9.463471, G350.00
       -216.695266,        -229.971412,           8.823164, G350.05
       -217.963533,        -234.715822,           8.217507, G350.10
       -217.958051,        -234.713213,           8.223305, G350.10
       -219.345049,        -239.338688,           7.927489, G350.15
       -221.052197,        -244.260054,           6.619307, G350.20
       -219.889253,        -224.066962,           8.924429, G355.00
       -221.898234,        -229.302730,           8.082904, G355.05
       -222.525925,        -234.330392,           7.470463, G355.10
       -224.695846,        -238.754025,           6.834070, G355.15
       -225.647999,        -243.358792,           5.753238, G355.20
       -225.264237,        -223.247167,           8.692337, G360.00
       -226.336242,        -228.013852,           7.956614, G360.05
       -227.318235,        -233.010535,           6.769870, G360.10
       -228.346184,        -237.948048,           6.069855, G360.15
       -229.419241,        -242.710945,           5.515992, G360.20
       -229.898186,        -221.476983,           8.603741, G365.00
       -231.385199,        -226.121598,           8.057919, G365.05
       -234.501202,        -230.390958,           5.792275, G365.10
       -237.018061,        -235.065223,           5.470602, G365.15
       -237.026628,        -235.071185,           5.475370, G365.15
       -237.964419,        -240.114988,           4.301972, G365.20
       -234.211361,        -218.943636,           8.208680, G370.00
       -237.536656,        -223.802049,           6.823607, G370.05
       -237.537288,        -223.803690,           6.822343, G370.05
       -240.168522,        -227.411745,           5.896410, G370.10
       -240.171597,        -227.405388,           5.905174, G370.10
       -242.830413,        -231.315052,           4.786531, G370.15
       -245.793337,        -235.327498,           3.694506, G370.20
       -238.703433,        -216.752910,           8.316104, G375.00
       -241.558252,        -222.225880,           6.810255, G375.05
       -246.164852,        -230.122012,           4.659551, G375.15
       -248.811299,        -234.485646,           3.586824, G375.20
       -243.175007,        -214.279908,           8.276143, G380.00
       -245.882805,        -218.733382,           7.257475, G380.05
       -250.216336,        -227.732597,           4.822025, G380.15
       -247.767948,        -212.557269,           8.049294, G385.00
       -249.279994,        -218.567871,           7.328136, G385.05
       -251.239783,        -224.129834,           5.372551, G385.10
       -252.622064,        -228.207417,           4.483837, G385.15
       -254.724472,        -232.995173,           3.561632, G385.20
       -252.451894,        -210.628310,           7.687665, G390.00
       -257.111056,        -209.076124,           7.686224, G390.00
       -254.457646,        -216.043534,           6.866074, G390.05
       -254.459469,        -216.048564,           6.870337, G390.05
       -256.256345,        -220.729439,           5.896005, G390.10
       -256.256774,        -220.730757,           5.895157, G390.10
       -258.325239,        -225.340999,           5.024667, G390.15
       -258.309434,        -225.355409,           5.022287, G390.15
       -259.714321,        -214.505441,           6.882490, G395.05
       -261.559409,        -218.645230,           6.372620, G395.10
       -263.008853,        -222.942897,           5.782388, G395.15
       -266.102941,        -227.455028,           5.530989, G395.20
       -261.408690,        -206.619083,           7.818992, G400.00
       -264.000681,        -211.192009,           7.267610, G400.05
       -266.442816,        -215.648330,           6.909058, G400.10
       -269.100258,        -220.145754,           6.435926, G400.15
       -271.308031,        -224.991722,           5.814525, G400.20
       -271.436412,        -224.799633,           5.840128, G400.20
       -265.750692,        -203.993826,           8.112939, G405.00
       -268.741933,        -208.386765,           7.853104, G405.05
       -271.586903,        -213.052857,           7.803599, G405.10
       -273.417572,        -217.058215,           7.586014, G405.15
       -276.884803,        -221.255320,           6.761143, G405.20
       -269.764228,        -201.121414,           8.161769, G410.00
       -272.821398,        -205.386738,           8.024312, G410.05
       -275.953953,        -209.583739,           8.122669, G410.10
       -279.180263,        -213.623744,           8.115898, G410.15
       -282.980364,        -217.634497,           7.689133, G410.20
       -274.047055,        -198.490694,           7.961010, G415.00
       -277.796821,        -202.818143,           8.089376, G415.05
       -279.725209,        -206.530135,           8.449800, G415.10
       -283.187836,        -211.885570,           8.288090, G415.15
       -286.120386,        -216.630082,           8.289500, G415.20
       -278.243701,        -195.679751,           7.737143, G420.00
       -281.127874,        -200.060706,           7.823342, G420.05
       -283.992130,        -204.478412,           8.280395, G420.10
       -286.519336,        -209.337250,          10.462367, G420.15
       -288.561965,        -215.767126,           8.308949, G420.20
       -281.754822,        -191.947190,           7.425611, G425.00
       -284.720106,        -197.110187,           7.744736, G425.05
       -287.283678,        -200.565951,           8.011443, G425.10
       -289.970737,        -205.717603,           8.571543, G425.15
       -285.065039,        -188.315415,           7.174280, G430.00
       -287.809064,        -192.960173,           7.214399, G430.05
       -290.409713,        -197.205342,           7.595742, G430.10
       -292.809601,        -201.429161,           8.665589, G430.15
       -295.610222,        -205.752648,           8.502186, G430.20
       -288.604539,        -184.792789,           6.813033, G435.00
       -292.063430,        -189.371854,           6.775408, G435.05
       -295.285008,        -193.711200,           7.228213, G435.10
       -298.014620,        -197.316653,           7.535663, G435.15
       -301.341837,        -201.964520,           8.471355, G435.20
       -292.442782,        -181.580619,           6.526543, G440.00
       -296.009932,        -185.683420,           6.304976, G440.05
       -299.207991,        -189.544528,           6.460119, G440.10
       -302.415426,        -193.709205,           6.991458, G440.15
       -305.823179,        -197.438564,           7.794637, G440.20
       -295.752878,        -177.751036,           6.358716, G445.00
       -299.496886,        -182.177207,           5.961166, G445.05
       -302.983456,        -185.709006,           5.900033, G445.10
       -372.665156,        -116.560040,           7.340231, G445.10
       -305.927186,        -190.124338,           6.087980, G445.15
       -308.452548,        -194.125361,           6.736574, G445.20
       -299.314928,        -174.189625,           6.133516, G450.00
       -302.744899,        -178.320154,           5.842600, G450.05
       -305.548803,        -182.598803,           5.855972, G450.10
       -308.449341,        -187.010153,           5.651346, G450.15
       -311.114111,        -191.293787,           6.343394, G450.20
       -305.995379,        -174.741988,           5.853663, G455.05
       -308.775476,        -179.885706,           5.467138, G455.10
       -312.037869,        -184.330770,           5.130921, G455.15
       -313.810865,        -189.123420,           5.854678, G455.20
       -306.539436,        -167.800806,           5.709172, G460.00
       -309.201952,        -172.557925,           5.356482, G460.05
       -310.925861,        -177.707842,           5.785431, G460.10
       -314.437813,        -181.122289,           4.836296, G460.15
       -317.844249,        -185.174834,           4.402681, G460.20
       -311.137787,        -165.782060,           5.582605, G465.00
       -314.130108,        -170.564882,           5.151852, G465.05
       -317.205426,        -174.822074,           5.292432, G465.10
       -320.030485,        -177.888489,           4.372331, G465.15
       -323.006563,        -182.564523,           3.956536, G465.20
       -315.367776,        -163.170792,           5.989887, G470.00
       -318.667907,        -167.277349,           5.085223, G470.05
       -321.706299,        -171.168565,           4.480984, G470.10
       -325.292817,        -175.387869,           5.137914, G470.15
       -327.937237,        -179.708072,           3.416936, G470.20
       -318.973515,        -160.274521,           7.079963, G475.00
       -325.646547,        -168.919507,           4.773944, G475.10
       -328.393570,        -172.760776,           3.920445, G475.15
       -331.016018,        -177.243290,           3.118338, G475.20
       -323.445496,        -157.380213,           8.277530, G480.00
       -325.941183,        -161.652221,           7.046750, G480.05
       -328.446290,        -165.822107,           5.634398, G480.10
       -330.598734,        -170.311348,           4.536902, G480.15
       -333.763349,        -174.697643,           3.378358, G480.20
       -327.464843,        -154.241668,           9.110843, G485.00
       -330.895775,        -158.546989,           7.878496, G485.05
       -333.951773,        -162.171155,           6.906862, G485.10
       -336.445057,        -166.083974,           5.757312, G485.15
       -339.552016,        -171.089123,           4.396345, G485.20
       -331.016579,        -150.809679,           9.563825, G490.00
       -334.722827,        -154.302565,           8.637372, G490.05
       -338.694049,        -157.941304,           7.555755, G490.10
       -342.125719,        -161.347474,           6.497072, G490.15
       -345.765872,        -164.934930,           5.578427, G490.20
       -334.988369,        -147.378074,           9.821760, G495.00
       -338.206487,        -151.062644,           8.882493, G495.05
       -341.698031,        -154.695162,           7.662460, G495.10
       -345.494572,        -158.279994,           6.564722, G495.15
       -348.956422,        -162.204190,           5.607506, G495.20
       -338.344703,        -143.902481,           9.890968, G500.00
       -341.683969,        -147.445013,           8.946834, G500.05
       -345.181918,        -151.228848,           7.704488, G500.10
       -348.561277,        -154.850775,           6.612257, G500.15
       -351.952013,        -158.528483,           5.573399, G500.20
       -341.290288,        -139.797581,           9.973788, G505.00
       -345.453033,        -142.750392,           8.711214, G505.05
       -349.939590,        -146.127135,           7.403878, G505.10
       -354.017842,        -149.086252,           6.532663, G505.15
       -358.256938,        -152.215665,           5.606077, G505.20
       -344.167587,        -135.639685,           9.828005, G510.00
       -348.544969,        -138.252246,           8.746518, G510.05
       -353.226618,        -140.568785,           7.398256, G510.10
       -357.608818,        -142.718781,           6.335039, G510.15
       -362.541292,        -145.039016,           4.896748, G510.20
       -346.599839,        -131.253810,           9.773586, G515.00
       -351.586116,        -133.611209,           8.427153, G515.05
       -355.987340,        -136.219993,           7.065033, G515.10
       -360.062364,        -138.565093,           6.061743, G515.15
       -364.795556,        -141.181685,           4.826437, G515.20
       -349.325255,        -127.053857,           9.628407, G520.00
       -353.463510,        -129.404980,           8.153049, G520.05
       -357.700396,        -131.851965,           7.171094, G520.10
       -362.262250,        -134.367191,           6.108329, G520.15
       -366.675852,        -136.947775,           5.167252, G520.20
       -351.724085,        -122.849238,           9.131656, G525.00
       -355.805715,        -125.936015,           8.235425, G525.05
       -360.134645,        -128.810963,           6.901962, G525.10
       -363.695529,        -132.150444,           6.186784, G525.15
       -367.873496,        -135.350853,           5.462254, G525.20
       -355.035980,        -119.051044,           9.274121, G530.00
       -358.509106,        -122.526964,           7.884465, G530.05
       -362.066449,        -126.032284,           7.031023, G530.10
       -365.627158,        -129.587070,           6.251408, G530.15
       -358.886412,        -115.979455,           8.854347, G535.00
       -362.837744,        -118.946909,           7.899167, G535.05
       -366.101204,        -122.721960,           7.173823, G535.10
       -369.370889,        -126.255560,           6.432357, G535.15
       -372.970618,        -130.112035,           5.416513, G535.20
       -362.612544,        -112.379936,           8.965608, G540.00
       -365.787406,        -115.887731,           7.990518, G540.05
       -369.349853,        -119.352068,           7.198512, G540.10
       -372.731660,        -122.911231,           6.454245, G540.15
       -376.395450,        -126.565050,           5.686759, G540.20
       -366.049862,        -108.613086,           9.648513, G545.00
       -369.327640,        -112.580264,           8.267466, G545.05
       -375.521157,        -119.942156,           6.505737, G545.15
       -368.878360,        -105.426229,          10.107272, G550.00
       -372.320228,        -109.267838,           9.096622, G550.05
       -375.833775,        -113.273991,           7.980769, G550.10
       -378.795613,        -116.825852,           6.812276, G550.15
       -382.085903,        -121.588056,           5.813659, G550.20
       -373.093480,        -101.945386,          11.239029, G555.00
       -377.018457,        -105.965190,          10.023899, G555.05
       -380.068225,        -110.261411,           8.470566, G555.10
       -383.255705,        -113.554298,           7.203618, G555.15
       -387.023506,        -117.723042,           6.347252, G555.20
       -376.916721,         -99.117856,          11.517250, G560.00
       -376.897259,         -99.114521,          11.514895, G560.00
       -376.909170,         -99.108321,          11.554367, G560.00
       -380.449637,        -102.699356,          10.702993, G560.05
       -384.700889,        -106.127196,           9.417346, G560.10
       -387.810320,        -109.719966,           8.140137, G560.15
       -391.658458,        -113.760799,           7.207019, G560.20
       -380.657472,         -95.436983,          11.883217, G565.00
       -384.837897,         -98.130764,          10.756411, G565.05
       -388.163137,        -100.799816,          10.345269, G565.10
       -392.448936,        -104.408686,           9.656242, G565.15
       -397.261005,        -109.039510,           8.357756, G565.20
       -383.068680,         -90.927611,          11.822299, G570.00
       -388.170517,         -93.322570,          11.396298, G570.05
       -392.646471,         -96.230494,          10.674515, G570.10
       -396.841752,         -98.900341,           9.838052, G570.15
       -401.621420,        -101.133040,           9.330631, G570.20
       -385.750138,         -86.665630,          12.430211, G575.00
       -391.172696,         -87.999624,          11.643928, G575.05
       -396.578078,         -89.844852,          10.671695, G575.10
       -401.078923,         -92.010477,           9.940119, G575.15
       -405.529110,         -91.411636,           9.529808, G575.20
       -385.873500,         -81.616711,          12.540466, G580.00
       -390.946617,         -81.561555,          11.929075, G580.05
       -395.799655,         -81.476581,          10.458800, G580.10
       -400.644545,         -81.152987,           9.139859, G580.15
       -405.804762,         -81.283153,           8.027311, G580.20
       -384.887381,         -76.771909,          12.442220, G585.00
       -390.772660,         -76.767445,          11.090477, G585.05
       -395.216009,         -76.502867,           9.880150, G585.10
       -400.361137,         -76.210009,           8.354340, G585.15
       -404.855469,         -75.528849,           7.134397, G585.20
       -384.811751,         -71.958946,          12.435817, G590.00
       -389.543952,         -71.907217,          10.520527, G590.05
       -394.355430,         -71.515216,           9.037418, G590.10
       -399.274307,         -71.082912,           7.813854, G590.15
       -404.148103,         -70.515080,           6.428081, G590.20
       -383.996671,         -67.076246,          10.985292, G595.00
       -390.119767,         -66.392652,           9.250422, G595.05
       -394.773991,         -65.751982,           7.903376, G595.10
       -399.064707,         -65.381616,           6.624815, G595.15
       -404.162620,         -64.375831,           5.369994, G595.20
       -383.576469,         -62.170235,          10.471523, G600.00
       -388.589171,         -61.547515,           8.884838, G600.05
       -393.383553,         -60.901468,           7.341134, G600.10
       -398.170290,         -60.284626,           6.050675, G600.15
       -403.285620,         -59.727955,           4.916346, G600.20
       -383.010576,         -57.216220,           9.811959, G605.00
       -383.017002,         -57.246333,           9.789298, G605.00
       -388.414795,         -56.723236,           8.330805, G605.05
       -392.624867,         -55.995843,           7.222576, G605.10
       -398.038490,         -55.405900,           5.678237, G605.15
       -403.000967,         -55.079585,           4.382113, G605.20
       -383.004237,         -52.141720,           9.573195, G610.00
       -387.684773,         -51.725804,           8.026126, G610.05
       -397.708553,         -51.314365,           5.415373, G610.15
       -403.016569,         -50.971007,           3.947304, G610.20
       -382.529335,         -47.329137,           9.567847, G615.00
       -382.684986,         -47.459659,           9.425689, G615.00
       -388.217721,         -47.453098,           7.641660, G615.05
       -393.563418,         -47.182144,           6.757214, G615.10
       -397.898789,         -47.543658,           5.692671, G615.15
       -403.101394,         -46.662366,           4.037040, G615.20
       -383.363374,         -42.306699,           9.238722, G620.00
       -382.795480,         -42.303713,           9.494325, G620.00
       -388.490762,         -42.779645,           7.662307, G620.05
       -393.394980,         -42.989737,           6.684988, G620.10
       -403.338820,         -42.596654,           4.253346, G620.20
       -383.663704,         -37.448544,           9.553581, G625.00
       -398.379309,         -38.603059,           5.709972, G625.15
       -403.336744,         -38.894923,           4.535239, G625.20
       -384.227325,         -32.440925,           9.786831, G630.00
       -388.922460,         -33.341270,           8.635966, G630.05
       -394.493996,         -33.347991,           7.242218, G630.10
       -399.001140,         -33.913792,           6.067810, G630.15
       -404.036308,         -34.273691,           5.232948, G630.20
       -385.037682,         -27.518816,          10.390490, G635.00
       -390.133026,         -29.271625,           8.809895, G635.05
       -394.835335,         -29.807935,           7.632857, G635.10
       -398.926818,         -31.483149,           6.338836, G635.15
       -404.387360,         -32.461078,           5.270890, G635.20
       -386.668538,         -23.103793,          10.690964, G640.00
       -391.082976,         -24.642985,           9.196070, G640.05
       -395.620576,         -26.194161,           7.844926, G640.10
       -399.987234,         -28.336339,           6.584421, G640.15
       -404.886712,         -30.492872,           5.496905, G640.20
       -410.895374,         -72.209990,           5.011209, C001
       -373.918477,         -81.382250,          14.336349, C002
       -259.486477,        -186.620580,           8.984838, C003
       -212.093763,        -214.596061,          10.961879, C004
       -174.597279,        -218.515238,          12.378849, C005
       -107.098655,        -154.644395,           1.368341, C006
       -127.509124,        -134.641315,           4.676367, C007
        -27.391129,        -100.009279,           2.980513, C008
         -7.496018,         -89.250970,           2.745256, C009
       -259.072654,        -186.491963,           9.036034, C3
       -403.285620,         -59.727955,           4.916346, G600.20
       -403.000967,         -55.079585,           4.382113, G605.20
       -403.016569,         -50.971007,           3.947304, G610.20
       -403.101394,         -46.662366,           4.037040, G615.20
       -394.493996,         -33.347991,           7.242218, G630.10
       -399.001140,         -33.913792,           6.067810, G630.15
       -404.036308,         -34.273691,           5.232948, G630.20
       -398.926818,         -31.483149,           6.338836, G635.15
       -404.387360,         -32.461078,           5.270890, G635.20
       -404.886712,         -30.492872,           5.496905, G640.20
        -18.332943,         -65.709802,           3.603451, H011.4
        -19.088303,         -67.098329,           3.985984, H011.5
        -20.949182,         -69.772433,           4.364383, H011.6
        -23.103893,         -72.477342,           5.001349, H013
        -31.451453,         -81.663404,           4.958392, H015
        -27.712082,         -92.955381,           3.799711, H016
        -23.447851,         -87.880696,           4.614170, H016.1
        -31.651359,         -95.326510,           3.307451, H016.2
        -33.035899,         -95.707076,           3.143485, H016.3
        -34.384620,         -96.470706,           3.069026, H016.4
        -35.751789,         -97.169335,           2.690400, H016.5
        -37.083070,         -97.733408,           2.515433, H016.6
        -39.902612,         -89.077699,           3.661339, H017
        -41.301088,         -99.625002,           1.606841, H018
        -53.267177,        -104.405565,           0.673938, H020
        -63.406354,         -97.523310,           2.577162, H021
        -64.186611,        -108.502558,           0.254230, H022
        -75.400062,        -102.439595,           2.716628, H023
        -74.957576,        -114.009386,           0.861202, H024
        -85.563401,        -109.499180,           3.043487, H025
        -84.560426,        -121.854417,           0.313385, H026
        -96.219053,        -117.932342,           2.554289, H027
        -91.374721,        -113.531120,           2.465718, H027.1
        -94.512485,        -114.998163,           2.687120, H027.2
        -95.533667,        -116.013975,           2.728611, H027.3
        -98.301158,        -117.951953,           2.976319, H027.4
        -99.631594,        -118.712865,           3.128605, H027.5
       -102.056253,        -120.414889,           3.126029, H027.6
        -95.106439,        -130.516957,           0.943193, H028
        -90.475304,        -125.593309,           0.856010, H028.1
        -92.672213,        -128.295979,           0.800705, H028.2
        -93.920486,        -129.392377,           0.875135, H028.3
        -96.347282,        -131.672573,           1.080766, H028.4
        -97.758478,        -132.570551,           1.209772, H028.5
       -100.496190,        -134.437006,           1.496667, H028.6
       -106.708401,        -126.058277,           2.910596, H029
       -116.855323,        -135.159128,           3.434769, H031
       -111.934808,        -130.487567,           3.112365, H031.1
       -114.341402,        -132.822757,           3.431561, H031.2
       -115.685065,        -134.070636,           3.477119, H031.3
       -117.972303,        -136.309223,           3.430462, H031.4
       -118.977139,        -137.459550,           3.415871, H031.5
       -121.150632,        -139.511325,           3.336374, H031.6
       -125.820574,        -144.193032,           3.589036, H033
       -119.118126,        -156.506451,           2.644605, H034
       -125.637304,        -169.317876,           3.008580, H036
       -137.651965,        -171.649544,           4.691108, H037
       -130.362150,        -181.173669,           4.018599, H038
       -127.831614,        -175.420613,           3.176570, H038.1
       -128.891624,        -178.417871,           3.579494, H038.2
       -129.551847,        -179.966781,           3.814463, H038.3
       -130.809133,        -182.803141,           4.346952, H038.4
       -131.071163,        -184.463402,           4.655441, H038.5
       -132.253334,        -187.659134,           4.976146, H038.6
       -142.817108,        -184.214714,           5.551390, H039
       -134.615065,        -193.934253,           6.243178, H040
       -145.520643,        -195.241074,           7.500334, H041
       -153.411878,        -205.506320,           9.559522, H043
       -157.261801,        -209.994103,          10.399573, H043.1
       -162.464174,        -215.209751,          11.473180, H045
       -159.268692,        -227.705453,          12.296959, H046
       -170.734837,        -223.681447,          12.393806, H047
       -173.989160,        -228.033521,          12.532515, H047.1
       -169.587903,        -236.557550,          12.970452, H048
       -168.814372,        -237.018680,          13.136100, H048.1
       -178.800228,        -232.895322,          12.568029, H049
       -180.300363,        -245.027266,          13.282812, H050
       -174.968226,        -240.904314,          13.244727, H050.1
       -177.530469,        -243.052134,          13.238499, H050.2
       -179.150627,        -243.897595,          13.257666, H050.3
       -181.909534,        -245.415087,          13.134445, H050.4
       -183.716688,        -245.823052,          13.046669, H050.5
       -187.563966,        -246.431243,          12.770178, H050.6
       -188.789261,        -235.806245,          11.939437, H051
       -195.344617,        -247.516226,          11.726893, H052
       -200.994111,        -236.683390,          10.544481, H053
       -204.028575,        -235.504040,          10.131438, H053.2
       -205.454883,        -234.956129,           9.951542, H053.3
       -207.138312,        -234.081024,           9.937605, H053.4
       -208.547502,        -233.532437,           9.583942, H053.5
       -207.620323,        -245.092670,           9.370810, H054
       -222.740690,        -239.972271,           7.095381, H056
       -212.915643,        -243.320067,           8.379225, H056.1
       -216.347369,        -242.643233,           7.817257, H056.2
       -218.227116,        -241.789133,           7.542431, H056.3
       -219.596778,        -241.320531,           7.343767, H056.4
       -221.253738,        -240.787909,           7.297579, H056.5
       -229.421683,        -236.953518,           6.002289, H056.6
       -226.422175,        -227.823606,           7.954914, H057
       -235.239071,        -235.080348,           5.207398, H058
       -237.989579,        -223.019712,           6.953773, H059
       -251.211856,        -217.551769,           6.939336, H061
       -260.552203,        -224.732671,           5.241511, H062
       -262.113710,        -212.398527,           7.223400, H063
       -272.914197,        -218.273422,           7.024642, H064
       -273.037515,        -205.571170,           8.046434, H065
       -267.286403,        -208.965009,           7.688233, H065.1
       -275.512953,        -203.813885,           8.089841, H065.2
       -278.500409,        -201.817976,           7.998395, H065.3
       -279.718203,        -201.034504,           7.956341, H065.4
       -281.206731,        -200.292328,           7.841773, H065.5
       -282.342638,        -199.203381,           7.713314, H065.6
       -294.570957,        -199.779328,           7.859899, H068
       -293.743117,        -187.696627,           6.556993, H069
       -305.523429,        -190.356711,           6.140985, H070
       -315.927834,        -181.308220,           4.662690, H072
       -308.449128,        -187.571946,           5.689506, H072.1
       -309.641731,        -186.455796,           5.502386, H072.2
       -310.689358,        -185.377576,           5.307124, H072.3
       -311.998593,        -184.194361,           5.128075, H072.4
       -313.405585,        -183.207904,           4.933021, H072.5
       -320.945431,        -177.213412,           4.273216, H072.6
       -326.411599,        -173.280459,           4.237561, H074
       -326.225808,        -161.644232,           7.027775, H075
       -338.108892,        -164.722622,           6.188484, H076
       -336.079862,        -152.855306,           8.780051, H077
       -336.101093,        -152.841341,           8.869950, H077
       -331.292010,        -157.196309,           8.197874, H077.1
       -333.656677,        -155.173246,           8.558186, H077.2
       -335.020437,        -153.949914,           8.688088, H077.3
       -340.371050,        -147.849335,           9.007391, H077.6
       -348.697519,        -154.853819,           6.683525, H078
       -345.176200,        -142.348256,           8.838716, H079
       -357.788600,        -142.738058,           6.278818, H080
       -352.701376,        -130.742120,           8.273647, H081
       -364.359690,        -130.717897,           6.292232, H082
       -362.299760,        -118.240300,           8.045913, H083
       -368.571389,        -126.538516,           6.430537, H084.1
       -369.929888,        -125.501120,           6.464828, H084.2
       -371.095222,        -124.373680,           6.505227, H084.3
       -372.187579,        -123.106412,           6.505125, H084.4
       -373.346884,        -122.183757,           6.501581, H084.5
       -380.648528,        -115.883730,           6.862014, H084.6
       -372.781493,        -108.765211,           9.080677, H085
       -385.614001,        -111.209414,           7.898538, H086
       -383.136156,        -113.747500,           7.155229, H086.2
       -384.201434,        -112.564256,           7.480054, H086.3
       -386.923001,        -110.197760,           8.093933, H086.4
       -387.837322,        -109.024987,           8.316176, H086.5
       -389.961561,        -106.454668,           8.734472, H086.6
       -383.827356,         -99.129578,          10.673465, H087
       -396.842494,         -98.877385,           9.841342, H088
       -391.071785,         -87.806108,          11.494292, H089
       -402.366863,         -84.215803,           9.225338, H090
       -399.081327,         -68.971815,           7.283443, H092
       -389.142802,         -61.462087,           8.729960, H093
       -390.783832,         -70.794586,           9.849215, H093.1
       -390.590025,         -69.404072,           9.624258, H093.2
       -390.363314,         -67.818162,           9.464303, H093.3
       -389.960206,         -66.149582,           9.253421, H093.4
       -389.700143,         -64.567068,           9.028898, H093.5
       -388.563851,         -54.990345,           8.041660, H093.6
       -397.231698,         -52.251518,           5.597653, H094
       -388.388119,         -45.551555,           7.613938, H095
       -398.825726,         -38.720565,           5.638990, H096
       -398.043764,         -42.305501,           5.561793, H096.1
       -399.175397,         -32.373175,           6.314245, H097
       -389.325727,         -32.403602,           8.752803, H098
       -283.738896,        -211.470353,           8.401494, H66
        -18.056250,         -82.037466,           4.663166, HT014
       -194.070189,        -236.198778,          11.372810, HT053.1
       -213.987590,        -232.213061,           8.899720, HT055
       -247.375003,        -228.701562,           4.768705, HT060
       -278.425342,        -201.419785,           8.001549, HT065.3
       -282.614060,        -199.892597,           7.823560, HT065.6
       -217.540737,        -215.078178,          10.373577, OCC10
       -217.540950,        -215.074500,          10.370118, OCC10
       -289.256420,        -181.332000,           6.697895, OCC13
       -289.270159,        -181.326789,           6.696089, OCC13
       -289.254594,        -181.326802,           6.700135, OCC13
       -289.255442,        -181.328563,           6.701133, OCC13
       -334.352589,        -146.218043,          10.116828, OCC15
       -334.349744,        -146.214758,          10.110424, OCC15
       -362.869354,        -105.478134,          10.604904, OCC17
       -362.864207,        -105.477328,          10.605852, OCC17
       -410.955639,         -75.854543,           5.775358, OCC19
       -410.962562,         -75.845420,           5.769871, OCC19
        -46.871396,         -79.927168,           5.413795, OCC2
        -46.869184,         -79.931274,           5.414775, OCC2
       -379.669152,         -33.812629,          11.003890, OCC21
       -379.669379,         -33.808588,          10.999017, OCC21
        -41.371051,        -107.672197,          -0.092931, OCC4
        -41.374791,        -107.662050,          -0.089068, OCC4
       -104.507536,        -112.628973,           5.056272, OCC5
       -104.513572,        -112.631779,           5.064197, OCC5
       -122.881729,        -125.139875,           5.779267, OCC6
       -122.880321,        -125.135005,           5.779939, OCC6
       -171.940419,        -202.263935,          11.771896, OCC8
       -171.929332,        -202.262125,          11.722602, OCC8
       -171.940258,        -202.270674,          11.765038, OCC8
       -171.939842,        -202.269225,          11.727585, OCC8
       -103.678350,        -139.192883,           1.825961, OLDTEMP
       -388.498727,         -45.959309,           7.566716, PILOT3T
       -395.053780,         -32.255862,           7.222391, S0483
        -95.535140,        -126.963338,           1.446954, S1408
        -23.326351,         -72.656322,           5.067028, SU
        -93.090571,        -128.167717,           0.820758, SU2
       -102.844645,        -119.901479,           3.300615, SU3
       -397.070533,         -32.360693,           6.680485, SU4
        -18.090184,         -65.672464,           3.515038, T011.4
        -18.865571,         -67.142340,           3.887927, T011.5
        -20.722672,         -69.753271,           4.335838, T011.6
        -10.507876,         -71.271395,           2.730695, T012
        -31.231060,         -81.665226,           4.955687, T015
        -27.513234,         -92.915023,           3.794394, T016
        -23.351285,         -87.674786,           4.614283, T016.1
        -31.373342,         -95.314145,           3.286146, T016.2
        -32.801222,         -95.696779,           3.157245, T016.3
        -34.158093,         -96.468715,           3.080894, T016.4
        -35.512646,         -97.214013,           2.718534, T016.5
        -36.845042,         -97.718075,           2.487091, T016.6
        -39.666912,         -89.052661,           3.677773, T017
        -41.111567,         -99.505570,           1.656410, T018
        -53.092076,        -104.245494,           0.703263, T020
        -63.182046,         -97.545686,           2.550789, T021
        -63.956838,        -108.517111,           0.230773, T022
        -75.171808,        -102.469590,           2.646182, T023
        -74.720553,        -113.993056,           0.804487, T024
        -85.345491,        -109.538529,           3.032516, T025
        -84.352910,        -121.871696,           0.151041, T026
        -95.977417,        -117.940115,           2.507506, T027
        -91.121747,        -113.517885,           2.426875, T027.1
        -94.387446,        -115.169731,           2.632454, T027.2
        -95.209705,        -116.000957,           2.663910, T027.3
        -98.087006,        -117.965593,           2.930069, T027.4
        -99.387640,        -118.718838,           3.086566, T027.5
       -101.787025,        -120.405620,           3.111511, T027.6
        -94.886844,        -130.512457,           0.910406, T028
        -90.216562,        -125.584750,           0.841066, T028.1
        -92.426113,        -128.268913,           0.767264, T028.2
        -93.694019,        -129.396811,           0.824531, T028.3
        -96.109780,        -131.660965,           1.007836, T028.4
        -97.565612,        -132.540721,           1.179305, T028.5
       -100.242138,        -134.438980,           1.452439, T028.6
       -106.472401,        -126.060522,           2.880824, T029
       -116.596843,        -135.160387,           3.422117, T031
       -111.739116,        -130.347507,           3.094222, T031.1
       -114.109160,        -132.812713,           3.397876, T031.2
       -117.713780,        -136.296433,           3.458126, T031.4
       -118.744417,        -137.499349,           3.384932, T031.5
       -120.918870,        -139.512212,           3.340570, T031.6
       -113.171700,        -146.734276,           2.352335, T032
       -125.602870,        -144.302126,           3.555466, T033
       -118.890578,        -156.512927,           2.646878, T034
       -130.563576,        -158.906638,           3.989527, T035
       -125.403154,        -169.365986,           2.987704, T036
       -137.440053,        -171.650752,           4.602179, T037
       -130.119593,        -181.184296,           4.028284, T038
       -127.598989,        -175.468529,           3.153211, T038.1
       -128.650550,        -178.406883,           3.552568, T038.2
       -129.327142,        -179.970933,           3.788698, T038.3
       -130.590336,        -182.761819,           4.332240, T038.4
       -130.824164,        -184.442463,           4.654201, T038.5
       -132.058841,        -187.488793,           4.926103, T038.6
       -142.574028,        -184.240264,           5.507693, T039
       -140.497458,        -178.403012,           4.810365, T039.1
       -141.695373,        -181.384880,           5.167230, T039.2
       -142.267392,        -182.793964,           5.312007, T039.3
       -143.145585,        -185.700690,           5.690454, T039.4
       -143.535419,        -187.190025,           5.963752, T039.5
       -143.986342,        -190.360975,           6.375067, T039.6
       -134.386137,        -193.941995,           6.235478, T040
       -145.285171,        -195.291894,           7.475310, T041
       -153.518398,        -205.280044,           9.515115, T043
       -156.977032,        -209.974606,          10.391619, T043.1
       -162.211586,        -215.210690,          11.427113, T045
       -159.027982,        -227.722720,          12.278270, T046
       -170.482951,        -223.685391,          12.386878, T047
       -173.718891,        -228.030878,          12.680627, T047.1
       -169.371893,        -236.541585,          13.002622, T048
       -178.567327,        -232.881616,          12.562193, T049
       -180.059902,        -245.017068,          13.306814, T050
       -174.720129,        -240.911410,          13.232047, T050.1
       -177.354454,        -242.897818,          13.244662, T050.2
       -178.918285,        -243.869098,          13.282071, T050.3
       -181.636525,        -245.425631,          13.197013, T050.4
       -183.466457,        -245.823463,          13.075592, T050.5
       -187.287777,        -246.382187,          12.792816, T050.6
       -188.550648,        -235.772430,          11.969943, T051
       -195.275579,        -247.286582,          11.704095, T052
       -200.739581,        -236.674041,          10.572335, T053
       -204.080924,        -235.764947,          10.083562, T053.2
       -205.214600,        -234.948756,           9.996283, T053.3
       -206.890586,        -234.065322,           9.904699, T053.4
       -208.323844,        -233.513489,           9.632614, T053.5
       -209.930640,        -232.934251,           9.449962, T053.6
       -207.355244,        -245.097786,           9.431305, T054
       -222.496862,        -239.969594,           7.122805, T056
       -212.654269,        -243.303234,           8.445489, T056.1
       -216.106902,        -242.659828,           7.873530, T056.2
       -217.988742,        -241.779357,           7.599991, T056.3
       -219.347587,        -241.313309,           7.404957, T056.4
       -220.980178,        -240.748729,           7.360983, T056.5
       -229.364831,        -236.696921,           6.001510, T056.6
       -226.191355,        -227.841105,           7.969746, T057
       -234.987723,        -235.092947,           5.254204, T058
       -237.743621,        -223.029925,           6.963945, T059
       -251.398990,        -217.708211,           6.777112, T061
       -260.327802,        -224.772891,           5.150471, T062
       -261.934091,        -212.254971,           7.242616, T063
       -272.662011,        -218.271821,           7.013691, T064
       -272.798246,        -205.574826,           8.032894, T065
       -267.050528,        -208.963092,           7.647040, T065.1
       -275.282209,        -203.853846,           8.087763, T065.2
       -278.259821,        -201.831352,           8.023805, T065.3
       -279.470215,        -201.065858,           7.977527, T065.4
       -280.963469,        -200.298764,           7.869327, T065.5
       -282.087509,        -199.210463,           7.650378, T065.6
       -294.427282,        -199.615482,           7.847553, T068
       -283.357847,        -198.034431,           7.772914, T069
       -293.491795,        -187.694138,           6.579665, T069
       -285.791474,        -195.440528,           7.453000, T069.1
       -286.948754,        -194.427109,           7.365427, T069.2
       -288.093397,        -193.333176,           7.256501, T069.3
       -289.223446,        -192.174718,           7.106754, T069.4
       -290.359461,        -191.082549,           7.044990, T069.5
       -298.187250,        -182.937857,           6.057040, T069.6
       -305.266066,        -190.361814,           6.164244, T070
       -315.690424,        -181.320792,           4.704358, T072
       -308.218923,        -187.546825,           5.708240, T072.1
       -309.411235,        -186.438744,           5.545319, T072.2
       -310.420923,        -185.371364,           5.342459, T072.3
       -311.758906,        -184.198678,           5.164052, T072.4
       -313.143778,        -183.200509,           4.978015, T072.5
       -320.686545,        -177.190639,           4.309145, T072.6
       -326.157031,        -173.260331,           4.220709, T074
       -337.855215,        -164.723066,           6.176695, T076
       -335.845274,        -152.823842,           8.892852, T077
       -331.018551,        -157.193397,           8.195923, T077.1
       -333.411735,        -155.165203,           8.570443, T077.2
       -334.754954,        -153.925838,           8.719853, T077.3
       -336.934325,        -151.705624,           9.024126, T077.4
       -337.975777,        -150.238361,           8.750278, T077.5
       -340.129093,        -147.836429,           9.058427, T077.6
       -348.421445,        -154.834559,           6.626607, T078
       -344.961043,        -142.213468,           8.884279, T079
       -357.749306,        -142.484890,           6.302183, T080
       -352.459166,        -130.716688,           8.329461, T081
       -308.152431,        -178.436961,           5.450592, T081OLD
       -364.106491,        -130.710319,           6.290357, T082
       -362.025741,        -118.206555,           8.063837, T083
       -368.298957,        -126.570598,           6.417718, T084.1
       -369.668668,        -125.509395,           6.486695, T084.2
       -370.868108,        -124.349920,           6.527862, T084.3
       -371.939989,        -123.094746,           6.527932, T084.4
       -373.091775,        -122.185831,           6.494271, T084.5
       -380.467134,        -115.721948,           6.921573, T084.6
       -372.553882,        -108.753605,           9.117487, T085
       -385.349122,        -111.169333,           7.898289, T086
       -382.890899,        -113.758148,           7.187611, T086.2
       -383.905058,        -112.554887,           7.481617, T086.3
       -386.644357,        -110.154367,           8.134056, T086.4
       -387.569703,        -109.000545,           8.348969, T086.5
       -389.681297,        -106.382431,           8.780866, T086.6
       -389.721518,        -106.446960,           8.741833, T086.6
       -383.542458,         -99.063887,          10.699838, T087
       -390.827327,         -87.802065,          11.524031, T087
       -396.576317,         -98.890812,           9.828976, T088
       -402.137927,         -84.221935,           9.263339, T090
       -398.855718,         -69.019709,           7.357625, T092
       -400.139395,         -75.290163,           8.233698, T092.1
       -398.717997,         -65.770890,           6.776784, T092.2
       -398.519860,         -64.145245,           6.562825, T092.3
       -398.306905,         -62.509007,           6.336628, T092.4
       -398.144243,         -61.034389,           6.125264, T092.5
       -397.955779,         -59.383021,           5.924126, T092.6
       -388.890357,         -61.467319,           8.815398, T093
       -390.515059,         -70.831006,           9.936912, T093.1
       -390.297649,         -69.405372,           9.689058, T093.2
       -390.112778,         -67.808410,           9.522709, T093.3
       -389.686856,         -66.162728,           9.336738, T093.4
       -389.469725,         -64.545332,           9.116714, T093.5
       -388.367144,         -54.985211,           8.111687, T093.6
       -396.982582,         -52.254535,           5.655420, T094
       -388.153152,         -45.543698,           7.672395, T095
       -398.590641,         -38.714084,           5.699830, T096
       -397.820271,         -42.391844,           5.592302, T096.1
       -397.172108,         -63.312351,           6.749453, T096OLD
       -398.925842,         -32.390372,           6.403155, T097
       -389.083834,         -32.423991,           8.787460, T098
       -283.503966,        -211.471149,           8.359067, T66
       -241.848941,        -210.878551,           8.689271, occ11
       -271.034838,        -189.661371,           7.969271, occ12
       -320.132565,        -188.229289,           4.519271, occ14
       -355.524054,        -159.853816,           4.889271, occ16
       -376.231258,         -84.929403,          13.769271, occ18
       -381.381309,         -60.707417,          10.959271, occ20
       -406.097695,         -40.628766,           3.809271, occ22
        -47.900407,         -60.250971,           7.759271, occ33
        -41.372516,        -107.661260,          -0.070729, occ4
       -104.505821,        -112.627796,           5.069271, occ5
       -122.885206,        -125.138340,           5.779271, occ6
       -112.048619,        -177.424357,           2.399271, occ7
       -188.133929,        -254.282724,          13.629271, occ9
         16.612564,          -9.482045,          -4.149414, H001
         12.008053,         -14.662270,          -4.496565, H003
         16.163802,         -26.148735,          -7.391741, H004
          4.326659,         -25.573206,          -4.668294, H005
          9.662979,         -36.854925,          -6.413194, H006
         13.707580,         -30.261080,          -6.984525, H006.2
         12.919420,         -31.539994,          -7.032070, H006.3
         12.052242,         -32.983840,          -6.875789, H006.4
         11.284841,         -34.094481,          -6.746703, H006.5
         -3.853218,         -37.697886,          -2.685911, H007
          3.162350,         -47.716406,          -4.182106, H008
          4.875568,         -45.104382,          -4.635864, H008.2
          4.003090,         -46.403232,          -4.479541, H008.3
          2.351810,         -49.061190,          -3.883161, H008.4
          1.562712,         -50.506235,          -3.522663, H008.5
          0.033624,         -53.350126,          -2.742027, H008.6
         -9.489086,         -49.874886,          -0.355982, H009
         -3.321422,         -59.511517,          -0.651106, H010
        -15.875173,         -61.347928,           2.723944, H011
        -12.817088,         -55.602993,           1.192816, H011.1
        -16.588408,         -62.612497,           2.981897, H011.2
        -17.423628,         -64.228050,           3.334442, H011.3
         24.003775,         -16.629612,          -6.988194, HT002
          6.051181,         -41.762782,          -5.224194, HT006.6
         21.257735,           0.000000,          -3.616991, NORTH
         21.266250,           0.000000,          -3.620579, NORTH
         21.257102,          -0.009275,          -3.616761, NORTH
         16.858383,          -9.498134,          -4.185209, T001
          4.527583,         -25.546816,          -4.759235, T005
          9.828369,         -17.633945,          -4.817374, T005.1
          8.908934,         -18.896766,          -4.937716, T005.2
          7.958952,         -20.253914,          -5.051738, T005.3
          7.045029,         -21.508379,          -5.052504, T005.4
          6.098680,         -22.835850,          -4.987964, T005.5
          1.307234,         -30.277427,          -4.046416, T005.6
          9.849233,         -36.814948,          -6.513300, T006
         14.853778,         -28.823226,          -7.348023, T006.1
         13.731293,         -30.502082,          -7.079941, T006.2
         12.266529,         -32.983703,          -6.936075, T006.4
         11.489205,         -34.128534,          -6.823951, T006.5
         -3.616464,         -37.654087,          -2.764409, T007
          3.378549,         -47.749914,          -4.255048, T008
          5.099073,         -45.123501,          -4.723472, T008.2
          4.166344,         -46.227324,          -4.517558, T008.3
          2.575275,         -49.093634,          -3.963781, T008.4
          1.825726,         -50.526062,          -3.632359, T008.5
          0.274227,         -53.361213,          -2.791221, T008.6
         -9.595268,         -49.633107,          -0.360710, T009
         -3.102581,         -59.532100,          -0.702376, T010
        -16.034358,         -61.167663,           2.731376, T011
        -12.570075,         -55.589299,           1.103216, T011.1
        -16.345522,         -62.664237,           2.981025, T011.2
        -17.213487,         -64.229153,           3.304334, T011.3
          0.000000,           0.000000,           0.000000, occ1
