 <Z/RL>

-1.989851
-3.122613
-4.235978
-5.543359
-6.948039
-8.682028
-5.838365
-7.081273
-8.575575
-3.59272
-4.7235
-6.024379
-3.747167
-4.742385
-5.963578
-7.142605
-3.445552
-4.670849
-5.545016
-6.833887
-3.159003
-4.473231
-5.494562
-6.764054
-2.58972
-5.015871
-6.281564
-7.116928
-1.484502
-2.732982
-4.046913
-0.950105
-3.070677
-4.500997
-1.168863
-2.266229
-4.844355
-0.212289
-2.267446
-3.480489
0.887802
-0.704036
-2.034471
2.77351
2.546021
1.772776
-0.415754
3.877147
3.216871
2.718845
4.350695
4.339658
-2.952075
-3.917165
-4.795895
-7.003893
-8.641947
-4.387136
-8.200543
-8.271134
-1.100425
2.305694
0.056221
-1.508303
2.148097
2.717333
1.079394
4.355379
4.351054
4.352782
4.137207
3.581451
3.18356
2.353503
5.194039
5.051706
4.364972
3.796835
3.163083
5.364767
5.166875
4.832576
4.612017
3.826475
5.320554
5.146101
4.906299
4.667497
4.158799
4.950546
4.717017
4.580689
4.570135
4.222936
4.616463
3.821184
3.581958
3.413627
3.258284
4.220564
3.468424
2.800262
2.468884
2.281532
4.014643
3.158481
2.22902
1.60335
0.563157
1.731892
0.872734
-0.048012
4.118543
2.906413
1.885606
0.838952
-0.367243
4.176302
1.075855
1.221878
-0.601072
4.294087
3.145869
1.264744
0.231867
-0.538783
2.738979
1.362261
0.344693
-0.434855
4.257213
2.749977
1.862021
0.631553
-0.201602
4.709699
2.517085
1.775678
0.833237
-0.158142
4.133444
2.765199
1.586394
0.930737
-0.40544
2.694239
1.145305
-0.041102
-0.836746
4.095418
2.419798
1.265589
0.214427
-0.876449
3.987441
2.585416
2.569966
1.570168
1.562729
0.849498
-0.717979
2.764755
1.730128
0.804931
-0.586038
4.099288
2.646949
2.671092
1.032453
0.059469
4.048271
2.548957
1.487163
0.57601
4.088418
3.012085
2.649565
1.783869
1.026566
4.210501
3.45145
2.862216
2.113619
4.26228
3.471264
3.174151
2.365386
1.833198
4.134374
3.484989
3.02759
2.612117
2.618767
4.319679
3.533607
2.864097
2.740705
2.360406
4.512778
3.818584
2.933753
3.724612
2.040162
3.67501
2.692933
1.952493
4.077967
2.617577
2.611547
1.874817
4.899081
4.092915
3.355684
2.866322
1.932101
5.178678
4.40743
3.669652
3.076265
2.615545
5.29679
4.491079
3.863708
3.163816
3.170887
5.491846
4.593892
3.992533
3.732125
3.685363
5.479309
4.794867
4.502732
4.649681
4.814296
5.832582
5.533279
5.569921
5.813792
6.192042
6.707206
6.151345
6.181079
6.461142
6.575091
7.166806
7.138629
7.043273
7.128352
7.154171
7.86676
8.149331
8.093527
8.169495
8.533947
8.806647
8.741845
9.015651
9.430377
9.656558
9.513911
5.895499
10.797462
11.055802
10.22618
10.560525
11.06195
11.272115
10.943453
10.861928
11.174747
11.959207
11.722196
11.367913
11.570458
11.750812
12.048311
12.073314
11.974184
11.993112
12.283918
12.545303
12.535007
12.404599
12.587863
13.091935
13.462458
12.589939
12.608518
12.681737
12.949578
14.27566
12.570629
12.657309
12.745992
13.053652
12.346483
12.579412
13.19747
13.266299
13.656426
12.01267
12.192147
13.185324
13.267483
13.883721
11.572268
11.724927
12.852366
12.731766
13.394728
11.134105
11.495708
11.715234
12.676397
10.448693
10.644369
10.326134
10.355128
10.393952
10.397556
9.734796
9.332682
9.006121
9.016455
10.030433
9.139203
8.517846
8.116328
7.641222
9.463471
8.823164
8.217507
8.223305
7.927489
6.619307
8.924429
8.082904
7.470463
6.83407
5.753238
8.692337
7.956614
6.76987
6.069855
5.515992
8.603741
8.057919
5.792275
5.470602
5.47537
4.301972
8.20868
6.823607
6.822343
5.89641
5.905174
4.786531
3.694506
8.316104
6.810255
4.659551
3.586824
8.276143
7.257475
4.822025
8.049294
7.328136
5.372551
4.483837
3.561632
7.687665
7.686224
6.866074
6.870337
5.896005
5.895157
5.024667
5.022287
6.88249
6.37262
5.782388
5.530989
7.818992
7.26761
6.909058
6.435926
5.814525
5.840128
8.112939
7.853104
7.803599
7.586014
6.761143
8.161769
8.024312
8.122669
8.115898
7.689133
7.96101
8.089376
8.4498
8.28809
8.2895
7.737143
7.823342
8.280395
10.462367
8.308949
7.425611
7.744736
8.011443
8.571543
7.17428
7.214399
7.595742
8.665589
8.502186
6.813033
6.775408
7.228213
7.535663
8.471355
6.526543
6.304976
6.460119
6.991458
7.794637
6.358716
5.961166
5.900033
7.340231
6.08798
6.736574
6.133516
5.8426
5.855972
5.651346
6.343394
5.853663
5.467138
5.130921
5.854678
5.709172
5.356482
5.785431
4.836296
4.402681
5.582605
5.151852
5.292432
4.372331
3.956536
5.989887
5.085223
4.480984
5.137914
3.416936
7.079963
4.773944
3.920445
3.118338
8.27753
7.04675
5.634398
4.536902
3.378358
9.110843
7.878496
6.906862
5.757312
4.396345
9.563825
8.637372
7.555755
6.497072
5.578427
9.82176
8.882493
7.66246
6.564722
5.607506
9.890968
8.946834
7.704488
6.612257
5.573399
9.973788
8.711214
7.403878
6.532663
5.606077
9.828005
8.746518
7.398256
6.335039
4.896748
9.773586
8.427153
7.065033
6.061743
4.826437
9.628407
8.153049
7.171094
6.108329
5.167252
9.131656
8.235425
6.901962
6.186784
5.462254
9.274121
7.884465
7.031023
6.251408
8.854347
7.899167
7.173823
6.432357
5.416513
8.965608
7.990518
7.198512
6.454245
5.686759
9.648513
8.267466
6.505737
10.107272
9.096622
7.980769
6.812276
5.813659
11.239029
10.023899
8.470566
7.203618
6.347252
11.51725
11.514895
11.554367
10.702993
9.417346
8.140137
7.207019
11.883217
10.756411
10.345269
9.656242
8.357756
11.822299
11.396298
10.674515
9.838052
9.330631
12.430211
11.643928
10.671695
9.940119
9.529808
12.540466
11.929075
10.4588
9.139859
8.027311
12.44222
11.090477
9.88015
8.35434
7.134397
12.435817
10.520527
9.037418
7.813854
6.428081
10.985292
9.250422
7.903376
6.624815
5.369994
10.471523
8.884838
7.341134
6.050675
4.916346
9.811959
9.789298
8.330805
7.222576
5.678237
4.382113
9.573195
8.026126
5.415373
3.947304
9.567847
9.425689
7.64166
6.757214
5.692671
4.03704
9.238722
9.494325
7.662307
6.684988
4.253346
9.553581
5.709972
4.535239
9.786831
8.635966
7.242218
6.06781
5.232948
10.39049
8.809895
7.632857
6.338836
5.27089
10.690964
9.19607
7.844926
6.584421
5.496905
5.011209
14.336349
8.984838
10.961879
12.378849
1.368341
4.676367
2.980513
2.745256
9.036034
4.916346
4.382113
3.947304
4.03704
7.242218
6.06781
5.232948
6.338836
5.27089
5.496905
3.603451
3.985984
4.364383
5.001349
4.958392
3.799711
4.61417
3.307451
3.143485
3.069026
2.6904
2.515433
3.661339
1.606841
0.673938
2.577162
0.25423
2.716628
0.861202
3.043487
0.313385
2.554289
2.465718
2.68712
2.728611
2.976319
3.128605
3.126029
0.943193
0.85601
0.800705
0.875135
1.080766
1.209772
1.496667
2.910596
3.434769
3.112365
3.431561
3.477119
3.430462
3.415871
3.336374
3.589036
2.644605
3.00858
4.691108
4.018599
3.17657
3.579494
3.814463
4.346952
4.655441
4.976146
5.55139
6.243178
7.500334
9.559522
10.399573
11.47318
12.296959
12.393806
12.532515
12.970452
13.1361
12.568029
13.282812
13.244727
13.238499
13.257666
13.134445
13.046669
12.770178
11.939437
11.726893
10.544481
10.131438
9.951542
9.937605
9.583942
9.37081
7.095381
8.379225
7.817257
7.542431
7.343767
7.297579
6.002289
7.954914
5.207398
6.953773
6.939336
5.241511
7.2234
7.024642
8.046434
7.688233
8.089841
7.998395
7.956341
7.841773
7.713314
7.859899
6.556993
6.140985
4.66269
5.689506
5.502386
5.307124
5.128075
4.933021
4.273216
4.237561
7.027775
6.188484
8.780051
8.86995
8.197874
8.558186
8.688088
9.007391
6.683525
8.838716
6.278818
8.273647
6.292232
8.045913
6.430537
6.464828
6.505227
6.505125
6.501581
6.862014
9.080677
7.898538
7.155229
7.480054
8.093933
8.316176
8.734472
10.673465
9.841342
11.494292
9.225338
7.283443
8.72996
9.849215
9.624258
9.464303
9.253421
9.028898
8.04166
5.597653
7.613938
5.63899
5.561793
6.314245
8.752803
8.401494
4.663166
11.37281
8.89972
4.768705
8.001549
7.82356
10.373577
10.370118
6.697895
6.696089
6.700135
6.701133
10.116828
10.110424
10.604904
10.605852
5.775358
5.769871
5.413795
5.414775
11.00389
10.999017
-0.092931
-0.089068
5.056272
5.064197
5.779267
5.779939
11.771896
11.722602
11.765038
11.727585
1.825961
7.566716
7.222391
1.446954
5.067028
0.820758
3.300615
6.680485
3.515038
3.887927
4.335838
2.730695
4.955687
3.794394
4.614283
3.286146
3.157245
3.080894
2.718534
2.487091
3.677773
1.65641
0.703263
2.550789
0.230773
2.646182
0.804487
3.032516
0.151041
2.507506
2.426875
2.632454
2.66391
2.930069
3.086566
3.111511
0.910406
0.841066
0.767264
0.824531
1.007836
1.179305
1.452439
2.880824
3.422117
3.094222
3.397876
3.458126
3.384932
3.34057
2.352335
3.555466
2.646878
3.989527
2.987704
4.602179
4.028284
3.153211
3.552568
3.788698
4.33224
4.654201
4.926103
5.507693
4.810365
5.16723
5.312007
5.690454
5.963752
6.375067
6.235478
7.47531
9.515115
10.391619
11.427113
12.27827
12.386878
12.680627
13.002622
12.562193
13.306814
13.232047
13.244662
13.282071
13.197013
13.075592
12.792816
11.969943
11.704095
10.572335
10.083562
9.996283
9.904699
9.632614
9.449962
9.431305
7.122805
8.445489
7.87353
7.599991
7.404957
7.360983
6.00151
7.969746
5.254204
6.963945
6.777112
5.150471
7.242616
7.013691
8.032894
7.64704
8.087763
8.023805
7.977527
7.869327
7.650378
7.847553
7.772914
6.579665
7.453
7.365427
7.256501
7.106754
7.04499
6.05704
6.164244
4.704358
5.70824
5.545319
5.342459
5.164052
4.978015
4.309145
4.220709
6.176695
8.892852
8.195923
8.570443
8.719853
9.024126
8.750278
9.058427
6.626607
8.884279
6.302183
8.329461
5.450592
6.290357
8.063837
6.417718
6.486695
6.527862
6.527932
6.494271
6.921573
9.117487
7.898289
7.187611
7.481617
8.134056
8.348969
8.780866
8.741833
10.699838
11.524031
9.828976
9.263339
7.357625
8.233698
6.776784
6.562825
6.336628
6.125264
5.924126
8.815398
9.936912
9.689058
9.522709
9.336738
9.116714
8.111687
5.65542
7.672395
5.69983
5.592302
6.749453
6.403155
8.78746
8.359067
8.689271
7.969271
4.519271
4.889271
13.769271
10.959271
3.809271
7.759271
-0.070729
5.069271
5.779271
2.399271
13.629271
-4.149414
-4.496565
-7.391741
-4.668294
-6.413194
-6.984525
-7.03207
-6.875789
-6.746703
-2.685911
-4.182106
-4.635864
-4.479541
-3.883161
-3.522663
-2.742027
-0.355982
-0.651106
2.723944
1.192816
2.981897
3.334442
-6.988194
-5.224194
-3.616991
-3.620579
-3.616761
-4.185209
-4.759235
-4.817374
-4.937716
-5.051738
-5.052504
-4.987964
-4.046416
-6.5133
-7.348023
-7.079941
-6.936075
-6.823951
-2.764409
-4.255048
-4.723472
-4.517558
-3.963781
-3.632359
-2.791221
-0.36071
-0.702376
2.731376
1.103216
2.981025
3.304334
0

