# Format is <Y/N>
# Distances in meters
15.486774
12.758348
16.904852
20.637604
25.425747
29.439598
17.693984
21.694108
25.868444
5.971534
10.196364
14.411844
2.548401
7.066851
11.510298
15.949367
0.183082
4.496466
8.973492
13.298649
-1.799062
2.711538
7.253924
11.72008
-4.471344
4.566772
9.21858
14.063657
-8.182017
-3.793551
0.845124
-9.752593
-0.744659
3.964547
-2.634781
-3.092373
6.406402
-10.074069
-1.03253
3.47055
-12.190741
-3.160712
1.270157
-19.056734
-14.969266
-10.589394
-1.989711
-21.487821
-17.236953
-13.116789
-24.459252
-18.87551
15.473844
20.154111
25.08745
29.416958
33.066136
13.596236
20.370802
17.945636
-5.507308
-16.808565
-7.637248
-8.179034
-16.928643
-13.121238
-4.80689
-24.437026
-24.442432
-24.437876
-20.077858
-16.620839
-11.745028
-7.60077
-27.85341
-23.313101
-18.874044
-14.564783
-10.08114
-30.513248
-26.084188
-21.750758
-17.444671
-12.67345
-33.854434
-29.502529
-25.335088
-21.213218
-16.51961
-37.599332
-32.564428
-28.412707
-24.274986
-21.09621
-41.522043
-38.122861
-34.966403
-30.380917
-26.094439
-45.550191
-42.567845
-39.525163
-36.263194
-30.716914
-48.973215
-47.26737
-44.32015
-41.36281
-38.248209
-49.657408
-47.093977
-44.111802
-60.383813
-57.204772
-54.354107
-51.835131
-49.000623
-64.692973
-60.049729
-57.412195
-55.471074
-69.518914
-66.962474
-65.410934
-63.208068
-61.115234
-71.947985
-69.328497
-67.109543
-64.813232
-78.478004
-76.039341
-73.649056
-71.33378
-69.375394
-83.167778
-80.082695
-77.656927
-74.93427
-72.456627
-87.170745
-84.408232
-81.642624
-78.414329
-75.662376
-87.995366
-85.598772
-82.331716
-80.581259
-95.080805
-92.184432
-89.355229
-86.46108
-84.090921
-99.043589
-96.35257
-96.367705
-93.236883
-93.245303
-90.575147
-87.114298
-99.646995
-96.428789
-93.595251
-89.490687
-106.670414
-103.29734
-100.122158
-96.427416
-93.225426
-110.746255
-103.327329
-100.045477
-96.376137
-114.749774
-110.839248
-107.576421
-103.426397
-99.977763
-118.694184
-114.459214
-111.258252
-107.433107
-122.280202
-118.376155
-115.05547
-111.682816
-108.13101
-125.953578
-122.400777
-119.088944
-115.502767
-115.497866
-128.75352
-124.709633
-120.652425
-116.892389
-112.288707
-131.123081
-127.411556
-122.684756
-118.733906
-114.619199
-123.552229
-119.143913
-114.914599
-130.718163
-120.554
-120.559718
-115.878501
-136.309073
-131.876954
-127.517403
-122.981274
-117.742789
-139.178454
-134.805875
-130.353984
-126.377533
-121.614637
-141.270203
-136.145108
-132.14791
-127.862742
-123.204251
-142.799693
-138.559718
-133.960194
-129.637991
-124.926809
-145.441912
-140.22013
-135.600366
-131.349155
-127.18867
-147.107426
-143.022213
-138.89971
-134.922525
-130.880603
-148.089888
-143.856253
-139.41042
-135.86047
-131.933587
-149.298013
-145.031078
-141.166209
-136.895888
-132.613488
-151.913562
-147.536767
-143.820658
-139.354676
-136.591252
-154.562133
-150.518063
-147.006131
-143.51795
-157.879521
-153.263326
-244.25564
-142.133131
-160.153412
-156.411079
-152.527769
-148.868211
-144.61699
-163.018769
-159.693177
-155.809246
-152.404611
-147.48695
-166.371251
-162.909495
-159.581947
-156.041758
-152.251341
-169.992314
-165.998803
-163.265023
-161.317462
-157.212987
-170.290622
-167.501336
-164.849835
-162.064338
-176.349917
-172.909295
-170.053225
-167.1194
-164.733862
-179.97629
-176.760716
-173.792213
-170.597223
-184.125961
-180.060447
-177.609992
-176.040795
-176.035027
-188.087728
-185.567807
-183.326378
-181.001319
-177.68525
-192.390841
-190.933009
-189.908521
-188.469935
-185.197691
-196.371114
-195.607894
-195.021852
-194.163826
-201.853125
-202.78464
-203.097809
-202.507887
-203.942416
-206.287191
-207.395866
-208.334008
-209.268436
-210.169993
-210.804119
-212.230721
-213.722567
-214.46469
-215.496067
-215.333275
-216.695266
-217.963533
-217.958051
-219.345049
-221.052197
-219.889253
-221.898234
-222.525925
-224.695846
-225.647999
-225.264237
-226.336242
-227.318235
-228.346184
-229.419241
-229.898186
-231.385199
-234.501202
-237.018061
-237.026628
-237.964419
-234.211361
-237.536656
-237.537288
-240.168522
-240.171597
-242.830413
-245.793337
-238.703433
-241.558252
-246.164852
-248.811299
-243.175007
-245.882805
-250.216336
-247.767948
-249.279994
-251.239783
-252.622064
-254.724472
-252.451894
-257.111056
-254.457646
-254.459469
-256.256345
-256.256774
-258.325239
-258.309434
-259.714321
-261.559409
-263.008853
-266.102941
-261.40869
-264.000681
-266.442816
-269.100258
-271.308031
-271.436412
-265.750692
-268.741933
-271.586903
-273.417572
-276.884803
-269.764228
-272.821398
-275.953953
-279.180263
-282.980364
-274.047055
-277.796821
-279.725209
-283.187836
-286.120386
-278.243701
-281.127874
-283.99213
-286.519336
-288.561965
-281.754822
-284.720106
-287.283678
-289.970737
-285.065039
-287.809064
-290.409713
-292.809601
-295.610222
-288.604539
-292.06343
-295.285008
-298.01462
-301.341837
-292.442782
-296.009932
-299.207991
-302.415426
-305.823179
-295.752878
-299.496886
-302.983456
-372.665156
-305.927186
-308.452548
-299.314928
-302.744899
-305.548803
-308.449341
-311.114111
-305.995379
-308.775476
-312.037869
-313.810865
-306.539436
-309.201952
-310.925861
-314.437813
-317.844249
-311.137787
-314.130108
-317.205426
-320.030485
-323.006563
-315.367776
-318.667907
-321.706299
-325.292817
-327.937237
-318.973515
-325.646547
-328.39357
-331.016018
-323.445496
-325.941183
-328.44629
-330.598734
-333.763349
-327.464843
-330.895775
-333.951773
-336.445057
-339.552016
-331.016579
-334.722827
-338.694049
-342.125719
-345.765872
-334.988369
-338.206487
-341.698031
-345.494572
-348.956422
-338.344703
-341.683969
-345.181918
-348.561277
-351.952013
-341.290288
-345.453033
-349.93959
-354.017842
-358.256938
-344.167587
-348.544969
-353.226618
-357.608818
-362.541292
-346.599839
-351.586116
-355.98734
-360.062364
-364.795556
-349.325255
-353.46351
-357.700396
-362.26225
-366.675852
-351.724085
-355.805715
-360.134645
-363.695529
-367.873496
-355.03598
-358.509106
-362.066449
-365.627158
-358.886412
-362.837744
-366.101204
-369.370889
-372.970618
-362.612544
-365.787406
-369.349853
-372.73166
-376.39545
-366.049862
-369.32764
-375.521157
-368.87836
-372.320228
-375.833775
-378.795613
-382.085903
-373.09348
-377.018457
-380.068225
-383.255705
-387.023506
-376.916721
-376.897259
-376.90917
-380.449637
-384.700889
-387.81032
-391.658458
-380.657472
-384.837897
-388.163137
-392.448936
-397.261005
-383.06868
-388.170517
-392.646471
-396.841752
-401.62142
-385.750138
-391.172696
-396.578078
-401.078923
-405.52911
-385.8735
-390.946617
-395.799655
-400.644545
-405.804762
-384.887381
-390.77266
-395.216009
-400.361137
-404.855469
-384.811751
-389.543952
-394.35543
-399.274307
-404.148103
-383.996671
-390.119767
-394.773991
-399.064707
-404.16262
-383.576469
-388.589171
-393.383553
-398.17029
-403.28562
-383.010576
-383.017002
-388.414795
-392.624867
-398.03849
-403.000967
-383.004237
-387.684773
-397.708553
-403.016569
-382.529335
-382.684986
-388.217721
-393.563418
-397.898789
-403.101394
-383.363374
-382.79548
-388.490762
-393.39498
-403.33882
-383.663704
-398.379309
-403.336744
-384.227325
-388.92246
-394.493996
-399.00114
-404.036308
-385.037682
-390.133026
-394.835335
-398.926818
-404.38736
-386.668538
-391.082976
-395.620576
-399.987234
-404.886712
-410.895374
-373.918477
-259.486477
-212.093763
-174.597279
-107.098655
-127.509124
-27.391129
-7.496018
-259.072654
-403.28562
-403.000967
-403.016569
-403.101394
-394.493996
-399.00114
-404.036308
-398.926818
-404.38736
-404.886712
-18.332943
-19.088303
-20.949182
-23.103893
-31.451453
-27.712082
-23.447851
-31.651359
-33.035899
-34.38462
-35.751789
-37.08307
-39.902612
-41.301088
-53.267177
-63.406354
-64.186611
-75.400062
-74.957576
-85.563401
-84.560426
-96.219053
-91.374721
-94.512485
-95.533667
-98.301158
-99.631594
-102.056253
-95.106439
-90.475304
-92.672213
-93.920486
-96.347282
-97.758478
-100.49619
-106.708401
-116.855323
-111.934808
-114.341402
-115.685065
-117.972303
-118.977139
-121.150632
-125.820574
-119.118126
-125.637304
-137.651965
-130.36215
-127.831614
-128.891624
-129.551847
-130.809133
-131.071163
-132.253334
-142.817108
-134.615065
-145.520643
-153.411878
-157.261801
-162.464174
-159.268692
-170.734837
-173.98916
-169.587903
-168.814372
-178.800228
-180.300363
-174.968226
-177.530469
-179.150627
-181.909534
-183.716688
-187.563966
-188.789261
-195.344617
-200.994111
-204.028575
-205.454883
-207.138312
-208.547502
-207.620323
-222.74069
-212.915643
-216.347369
-218.227116
-219.596778
-221.253738
-229.421683
-226.422175
-235.239071
-237.989579
-251.211856
-260.552203
-262.11371
-272.914197
-273.037515
-267.286403
-275.512953
-278.500409
-279.718203
-281.206731
-282.342638
-294.570957
-293.743117
-305.523429
-315.927834
-308.449128
-309.641731
-310.689358
-311.998593
-313.405585
-320.945431
-326.411599
-326.225808
-338.108892
-336.079862
-336.101093
-331.29201
-333.656677
-335.020437
-340.37105
-348.697519
-345.1762
-357.7886
-352.701376
-364.35969
-362.29976
-368.571389
-369.929888
-371.095222
-372.187579
-373.346884
-380.648528
-372.781493
-385.614001
-383.136156
-384.201434
-386.923001
-387.837322
-389.961561
-383.827356
-396.842494
-391.071785
-402.366863
-399.081327
-389.142802
-390.783832
-390.590025
-390.363314
-389.960206
-389.700143
-388.563851
-397.231698
-388.388119
-398.825726
-398.043764
-399.175397
-389.325727
-283.738896
-18.05625
-194.070189
-213.98759
-247.375003
-278.425342
-282.61406
-217.540737
-217.54095
-289.25642
-289.270159
-289.254594
-289.255442
-334.352589
-334.349744
-362.869354
-362.864207
-410.955639
-410.962562
-46.871396
-46.869184
-379.669152
-379.669379
-41.371051
-41.374791
-104.507536
-104.513572
-122.881729
-122.880321
-171.940419
-171.929332
-171.940258
-171.939842
-103.67835
-388.498727
-395.05378
-95.53514
-23.326351
-93.090571
-102.844645
-397.070533
-18.090184
-18.865571
-20.722672
-10.507876
-31.23106
-27.513234
-23.351285
-31.373342
-32.801222
-34.158093
-35.512646
-36.845042
-39.666912
-41.111567
-53.092076
-63.182046
-63.956838
-75.171808
-74.720553
-85.345491
-84.35291
-95.977417
-91.121747
-94.387446
-95.209705
-98.087006
-99.38764
-101.787025
-94.886844
-90.216562
-92.426113
-93.694019
-96.10978
-97.565612
-100.242138
-106.472401
-116.596843
-111.739116
-114.10916
-117.71378
-118.744417
-120.91887
-113.1717
-125.60287
-118.890578
-130.563576
-125.403154
-137.440053
-130.119593
-127.598989
-128.65055
-129.327142
-130.590336
-130.824164
-132.058841
-142.574028
-140.497458
-141.695373
-142.267392
-143.145585
-143.535419
-143.986342
-134.386137
-145.285171
-153.518398
-156.977032
-162.211586
-159.027982
-170.482951
-173.718891
-169.371893
-178.567327
-180.059902
-174.720129
-177.354454
-178.918285
-181.636525
-183.466457
-187.287777
-188.550648
-195.275579
-200.739581
-204.080924
-205.2146
-206.890586
-208.323844
-209.93064
-207.355244
-222.496862
-212.654269
-216.106902
-217.988742
-219.347587
-220.980178
-229.364831
-226.191355
-234.987723
-237.743621
-251.39899
-260.327802
-261.934091
-272.662011
-272.798246
-267.050528
-275.282209
-278.259821
-279.470215
-280.963469
-282.087509
-294.427282
-283.357847
-293.491795
-285.791474
-286.948754
-288.093397
-289.223446
-290.359461
-298.18725
-305.266066
-315.690424
-308.218923
-309.411235
-310.420923
-311.758906
-313.143778
-320.686545
-326.157031
-337.855215
-335.845274
-331.018551
-333.411735
-334.754954
-336.934325
-337.975777
-340.129093
-348.421445
-344.961043
-357.749306
-352.459166
-308.152431
-364.106491
-362.025741
-368.298957
-369.668668
-370.868108
-371.939989
-373.091775
-380.467134
-372.553882
-385.349122
-382.890899
-383.905058
-386.644357
-387.569703
-389.681297
-389.721518
-383.542458
-390.827327
-396.576317
-402.137927
-398.855718
-400.139395
-398.717997
-398.51986
-398.306905
-398.144243
-397.955779
-388.890357
-390.515059
-390.297649
-390.112778
-389.686856
-389.469725
-388.367144
-396.982582
-388.153152
-398.590641
-397.820271
-397.172108
-398.925842
-389.083834
-283.503966
-241.848941
-271.034838
-320.132565
-355.524054
-376.231258
-381.381309
-406.097695
-47.900407
-41.372516
-104.505821
-122.885206
-112.048619
-188.133929
16.612564
12.008053
16.163802
4.326659
9.662979
13.70758
12.91942
12.052242
11.284841
-3.853218
3.16235
4.875568
4.00309
2.35181
1.562712
0.033624
-9.489086
-3.321422
-15.875173
-12.817088
-16.588408
-17.423628
24.003775
6.051181
21.257735
21.26625
21.257102
16.858383
4.527583
9.828369
8.908934
7.958952
7.045029
6.09868
1.307234
9.849233
14.853778
13.731293
12.266529
11.489205
-3.616464
3.378549
5.099073
4.166344
2.575275
1.825726
0.274227
-9.595268
-3.102581
-16.034358
-12.570075
-16.345522
-17.213487
0

